317650914
290518218
255259157
213839801
165080537
113241222
57011112
-136342
-58135625
-113972058
-166466037
-214503415
-255004042
-290392781
-317982633
-334890066
-342163685
-340327811
-329710108
-308475622
-279901169
-242610516
-197259029
-149482861
-94694436
-38595454
19403904
77337600
131076836
182456661
229248834
268242105
300747213
323618464
338494277
343277524
338623582
324335895
301397485
269546260
230682767
184151662
132508918
77982703
20638559
-35787888
-93066183
-146936456
-195956928
-240979587
-278531049
-307169524
-329123257
-340722250
-342490833
-335149945
-316995624
-292877599
-259387980
-216657922
-170520084
-117894318
-61139899
-4647776
53154890
108598124
161747461
210440239
253038025
288230164
316475397
333513903
342819154
343080399
332003945
312866621
283243575
247918994
204205905
156102016
103214139
47180684
-11015318
-68490266
-122688299
-175444370
-221712267
-262475038
-295766593
-320800567
-336462803
-343146593
-340458750
-327088539
-305264239
-274330509
-236056830
-190967517
-141290810
-86764569
-29879181
27333758
84480983
138810038
189403416
233639654
273222735
304351595
325518904
339477209
343474038
337705979
322828462
298120594
265614021
225767505
179236439
127593670
72346586
16247656
-42210420
-96932781
-151261803
-200216722
-244321890
-281152434
-310642852
-330433901
-340656652
-343342755
-334953262
-316536808
-290387156
-255586846
-213315526
-165146094
-112979092
-57469882
-781189
56366137
112923500
164434416
213520395
255397263
289671905
316737477
334431375
342425895
342359469
331676237
312276758
282326051
246673784
202764097
153349502
100396082
44297110
-13309080
-69932057
-123802405
-176230793
-223022985
-263261453
-296028713
-321259277
-337183677
-343146578
-339541232
-326367629
-304871015
-273937281
-235860213
-191819485
-139783469
-87354392
-30141297
27989120
84153311
138810046
188879125
234098399
272108639
303958392
326567484
340460263
343605115
338164743
323745981
300152213
265941715
226291803
181071448
128707800
74312646
16509809
-39523433
-96474048
-148836986
-197791898
-242617963
-279514051
-307628242
-329385362
-340722222
-341638840
-334232413
-317978639
-292025603
-258470473
-216854524
-169602567
-116976808
-61795251
-4647775
52761670
108925815
161223180
209195055
252120543
286722850
314705948
332727519
342032747
342294019
332266145
314439520
286192743
250278332
208990080
158789028
107211864
51309465
-6296711
-63181864
-118297410
-170201539
-217649104
-258477414
-292293265
-318506864
-334758975
-342491349
-340983126
-329513479
-308213459
-279245808
-242020685
-197979941
-149024109
-95743046
-39185313
17306757
74781688
130290417
181080423
226824012
266603731
298650104
322504420
337445769
343736357
340196524
326498649
303822397
272692057
234877130
189198003
140242203
86436868
30534514
-28316814
-84743136
-139203272
-188879141
-233705189
-272370778
-302909820
-325912135
-338494203
-343736220
-337902625
-323090659
-298841538
-266400490
-226816124
-181792383
-129953006
-75492330
-19524456
39130199
93787068
147722875
196284595
241307269
278989792
307759339
328992177
341049954
342228741
336919448
320010314
294647096
261878378
221048855
173534743
122940583
67627975
9628515
-46404704
-102241185
-155456071
-203559032
-246550051
-282725235
-311101551
-330368313
-341049801
-342097523
-333773574
-316078033
-288814293
-255390232
-213381063
-165670391
-113372306
-57535404
-1436534
55448644
110695259
162992631
211882003
252972474
288688903
316082159
333776056
343081309
341769686
332200595
313390948
286979181
249295297
208400253
160492961
106622031
51637163
-5903501
-62788648
-117117777
-169415118
-216076248
-257428852
-290851501
-316999587
-334365783
-342229218
-340721023
-329579035
-309458680
-280753167
-243986800
-201125704
-152104336
-99544130
-43576211
14226565
70652939
125244170
176951697
222760841
263589136
296421949
321193767
337052631
344195178
341376264
328661420
307885708
277410727
239726885
195686130
145419584
93514775
36170624
-20255892
-76682265
-131207901
-181211478
-227741523
-265882815
-298519011
-322963163
-336855963
-342753300
-339082410
-325908831
-303363642
-273412965
-234287329
-190377679
-139717915
-86633489
-29944725
26875007
83760096
137171630
188158232
232722179
270797940
303040915
324666984
339936020
344063927
339409989
325515513
300479954
270070540
229961883
185134731
134933757
80669679
23325554
-33166447
-89330660
-143135392
-192221413
-236981948
-275581990
-304482624
-326960655
-339804869
-342556488
-337771512
-321910943
-297530770
-264696528
-224915564
-179236457
-128707808
-74378205
-17165183
39064684
95228843
147264116
197660861
240651902
278465487
307497195
328598981
341049958
344456959
336984991
320927847
295761217
262795907
222359601
175042093
125168827
70642649
13560680
-43062376
-98702234
-151786078
-200872092
-244715078
-280759212
-308283584
-329581959
-341180971
-342097610
-335018861
-318699552
-292746529
-258601567
-217837579
-171306523
-120319152
-64875472
-8776563
48108614
104928135
157159984
204476508
248188429
283511649
312150112
332006715
341901803
343408246
334297860
318306261
290518238
257225262
215936968
168357372
116518034
60877749
4713334
-51516491
-107090813
-159322658
-207360067
-249695735
-284953407
-312870984
-331351317
-341442995
-342031927
-334166766
-314832820
-289076416
-254276113
-212332484
-165146086
-112454791
-57207745
-60286
55186488
111285089
162992633
210702374
252579280
286919454
314574861
333645011
341901694
343277061
333904573
315750271
287569034
253555183
212135847
163442120
112323708
56486828
-791697
-56955957
-112464739
-164631031
-212537364
-252579252
-288099078
-315099133
-332858564
-342557053
-342490614
-332331683
-313718644
-286717043
-250999268
-209186711
-161410504
-108522614
-53668773
2823308
59577391
115282756
165482978
214175737
255200668
289082083
316671961
334693530
343605572
341966305
332987024
313325380
285537383
250474943
208465777
161017263
108915819
53013421
-4527249
-60691510
-115217244
-167186912
-214241265
-255331736
-289671872
-316671958
-333776023
-342556981
-341966290
-331479665
-312211270
-284095570
-249164196
-206237561
-159116717
-107080817
-51506082
4789386
62854189
116790074
168628684
216469470
256839036
290851530
316934086
333907073
343343404
343735752
332135014
312407879
285078623
248770992
206172027
159968682
107211880
52161446
-4789403
-61215783
-115610441
-168235482
-214896609
-255921545
-290523854
-316737469
-334365824
-342425896
-341441993
-331414127
-312014664
-284816463
-249164209
-206499718
-158592432
-106425454
-50916256
6034577
61543465
116265802
168235465
215748573
255856002
290654904
317065158
334627980
343474486
342425028
332724850
312866633
285668429
251130292
207941494
160230838
107015272
52030363
-4265107
-59905092
-114955096
-167252454
-213323753
-255528341
-290130637
-315164629
-333448353
-342556983
-341638622
-331741829
-312997722
-284619879
-249819592
-208138118
-159772093
-107408506
-53734306
3282041
60429362
115282758
166859230
213782510
254479784
289737452
316671975
334038193
343736657
342031858
333314723
314439529
286913655
251785675
208727946
161738169
110292091
54782897
-791699
-58135603
-112202593
-164696554
-211685390
-252972473
-287312644
-313722878
-332989640
-342753638
-341507603
-332462786
-314242956
-287503514
-252244456
-211021737
-163507663
-111209605
-56224678
660614
55776314
111940443
163254773
210767898
252382667
286526224
314312720
332793069
342950289
343211559
333970136
316012448
289666224
254865914
213577654
165932509
114486402
59304889
2157403
-53679176
-108008306
-160305683
-208212022
-249957871
-284887882
-312281168
-332072201
-341967302
-342163035
-333118224
-315488206
-289928407
-256373291
-215412688
-167243259
-117304465
-61139914
-4057980
51516489
106632050
158929438
206639177
249564685
283970406
311167096
331416888
341639654
343473810
336067370
318437360
292353277
259125824
218034171
172355092
120908983
65792949
10152806
-47322199
-102372233
-275510294
-275903522
-276231200
-275379239
-276558891
-277279791
-276034619
-276493374
-276821049
-276558909
-276886606
-276689992
-277279823
-277083214
-278131790
-277410887
-278459482
-277279825
-278656099
-277869669
-278393958
-278590562
-279180402
-278983792
-279835781
-279639164
-280753290
-280229006
-279311497
-280753276
-280491163
-280163480
-280687779
-281343136
-281146546
-282326196
-282391730
-282457282
-282260679
-282522816
-282653898
-283440341
-282981579
-283899108
-285406441
-283964636
-284292344
-285603069
-285668596
-285340924
-285013250
-285406472
-285603089
-286061856
-286455080
-286520611
-286651679
-288093489
-288027947
-288159025
-287307065
-288683357
-288355676
-288224594
-289600870
-289600853
-289076573
-289928555
-290190718
-290321783
-290256250
-291239285
-290321813
-291435922
-292484512
-292287911
-292025768
-292353467
-292353457
-293205441
-292615600
-293270982
-293729743
-294188502
-294319591
-293991913
-293729774
-295040503
-294974970
-295630346
-296089097
-296351253
-296023576
-296285740
-297465385
-296810046
-297662034
-298251854
-298317393
-298120800
-298186323
-298448494
-298972787
-299431543
-300086929
-300218000
-300021407
-300676764
-300152482
-301659817
-301594286
-301921976
-302184124
-302249686
-302708444
-303298268
-303232754
-302511863
-302839556
-303494909
-304346886
-304412440
-304674587
-304674594
-305788733
-305723194
-305657667
-305985360
-306575188
-306444132
-306575188
-306247522
-308213622
-307820417
-308279181
-308410264
-307689364
-309196718
-309983171
-309131180
-309721030
-310573007
-310245337
-310573029
-310704103
-311949315
-311949320
-312932359
-312145936
-311162914
-312080426
-311949364
-313391165
-313260117
-314112094
-314701929
-314439799
-314767482
-314439808
-315553924
-315881628
-316078249
-316340403
-316012754
-317192401
-316668121
-317257956
-318109948
-317126905
-317454595
-318437644
-318109960
-318109995
-319224109
-319748424
-319813960
-319551826
-320665948
-320862569
-321255810
-321780104
-321517974
-320534953
-320862638
-322042298
-322501057
-323287510
-322828768
-323746289
-322566647
-323680768
-324729363
-323942945
-324532768
-324598322
-324926036
-325319253
-324729442
-325188229
-326171251
-325515908
-325647003
-326105772
-327023289
-326433470
-326695639
-328202985
-327875318
-326892280
-327482118
-328334106
-328792864
-329120577
-329055050
-329710419
-329644905
-329317238
-329710452
-329448334
-330431370
-330693546
-330103723
-330431429
-331611086
-330300400
-331676662
-331676668
-331611140
-332069923
-332266535
-332397615
-331545684
-332594263
-332594276
-332856432
-332987508
-333708442
-333249697
-333839533
-333315261
-333511876
-334363869
-335019244
-334560520
-335281425
-335084839
-334101806
-335084856
-335084860
-333643092
-334888304
-335871333
-335019409
-336526742
-336461226
-335543744
-335805904
-335740385
-336133618
-336854531
-335871507
-336920095
-336526895
-336395863
-336526937
-336526970
-337378950
-336461459
-337378973
-336527020
-337247931
-337182406
-337575654
-336527089
-337706759
-337903374
-337182492
-337641261
-337575732
-337248080
-336789342
-337706862
-337379214
-337837972
-336658341
-337051569
-336920519
-337117134
-338755559
-336723963
-337248256
-336789527
-337772583
-337903671
-336592965
-336920688
-337117295
-337248386
-337641617
-337117346
-336920764
-337969358
-337117418
-336593124
-336331013
-337183020
-336462128
-336068923
-336462163
-336068937
-336462205
-336527732
-336265621
-336265641
-335937987
-335282647
-336069079
-335479284
-335020563
-335282704
-334889511
-333906491
-334299741
-333906540
-334234245
-333972109
-332726947
-333906607
-333841096
-332989136
-333382380
-332989175
-332595985
-333054762
-332202797
-331875145
-332071770
-332071805
-331219846
-331547535
-331678622
-331154359
-330957772
-331219935
-330695674
-328729600
-329712684
-328860724
-329057358
-329057360
-328860772
-327615606
-327484564
-327681193
-327484610
-327025868
-326370538
-326042889
-325780746
-324994341
-325059893
-324273480
-324076885
-323356015
-324076928
-323552658
-323552691
-322241970
-322373063
-321979880
-320734714
-321848840
-320538153
-320276016
-318965327
-318899812
-318113399
-318244489
-317589136
-316671656
-316868291
-316212942
-315229937
-315229960
-315688716
-314312484
-314443585
-313198407
-313067360
-313132904
-311756685
-311756708
-310314933
-310118341
-309331938
-308348915
-309004302
-308283427
-307169328
-307038275
-305989732
-304416856
-305006709
-304089235
-303433895
-303106252
-302713044
-302319840
-300157175
-301271309
-299305256
-298649910
-298060104
-297732456
-296814969
-295438737
-295111057
-295176637
-293669310
-293734867
-292162026
-291637757
-290261525
-290327089
-289212988
-288688720
-286788199
-288098926
-286395035
-285149855
-284625589
-284297930
-282462926
-281742054
-279972613
-280627980
-279644970
-278203191
-277285710
-276958045
-275516272
-274664325
-275319712
-273681340
-272108487
-270470100
-270207975
-270011394
-269421588
-268176423
-266341431
-266538043
-264899678
-264047726
-262278272
-261622925
-260836521
-260050109
-259067101
-258739413
-257232111
-255921419
-255003928
-253562151
-251989323
-251923790
-251006319
-249695620
-248843663
-246680988
-246943159
-245173695
-243731937
-242486747
-240651780
-239406603
-239406623
-238030383
-237178432
-235605588
-234229346
-234360439
-232263312
-230755990
-229707443
-227806901
-227806922
-226496240
-225513206
-223022864
-222367522
-220532522
-219746109
-217714509
-216403812
-215289704
-213061510
-212537232
-212012969
-210112436
-209194969
-208080850
-205197296
-205131773
-202641420
-201920545
-200740905
-198119476
-198316113
-196350040
-195891296
-192876670
-192090247
-189665429
-188551330
-187306163
-186716360
-185798878
-183046375
-181145834
-180359423
-178458899
-177672483
-175640872
-174133575
-171708732
-170660193
-167645549
-167186819
-166597008
-163516823
-163254691
-161157558
-159453624
-157684168
-156111351
-154407397
-153096697
-151720452
-149361164
-148640281
-145953323
-143921710
-143004225
-139989585
-138875482
-137892441
-135664240
-133698189
-132518530
-130749083
-129176212
-127210158
-125113008
-122950338
-121180876
-119280350
-118362860
-116200155
-115282675
-112857852
-111088388
-109515545
-107156254
-105714487
-104141621
-101061444
-100143936
-98308924
-96408402
-94573415
-91951972
-90248036
-88281965
-87036790
-84677520
-83563404
-80745357
-79893410
-77271971
-74978214
-73864122
-71439286
-69997496
-68162505
-65016786
-64033744
-62329807
-59839452
-57807837
-57086942
-54662113
-51844071
-49419252
-48894971
-46404600
-44110843
-42734605
-40440830
-38736913
-36246562
-35329058
-33625117
-29758496
-27857969
-26809384
-23598131
-22484022
-19928103
-18682933
-15799356
-14357554
-11211825
-9770036
-7476271
-5248062
-3740722
-1446969
584643
2616264
5368779
6941629
8776636
10415054
14150590
14478283
17689546
19393476
20507599
24112081
25160659
28044228
29223891
31452106
34663383
36236252
38595549
40627157
42658774
44493808
46656504
48688112
51178487
54389763
55700475
58256398
61664269
61205536
64285723
65727507
68283427
70446134
72805433
75426870
76868678
79227967
82177098
83684447
85978217
89189486
90434669
92990598
95284353
96726156
98954408
101903522
103541933
105573562
107146436
109440207
110750938
113896678
116976886
117959924
120974600
123268378
124448030
126807326
129297728
130936150
133229913
135064934
137489768
140111236
141356433
143650195
145812902
147320231
150007234
152169935
154267099
156036595
158461436
159444513
161345062
164752954
165604946
168226395
170454620
171437697
173928068
176287393
178581168
180285126
182120146
184872688
186642171
187494156
189591325
192606001
193654592
194965344
198045573
199421848
202502059
203943879
206106586
208072703
209776624
211218438
213184559
215478343
217772123
219213945
221048959
223473834
225046722
226947280
228782317
229503227
230945056
233500990
235008340
237498724
239464834
240710048
242217405
244445649
245559796
247591430
247984678
251261511
253031017
254341772
255783591
257225395
259191517
260371183
262599440
264500012
265548610
266400610
268891012
270070693
271381442
274133997
275379211
275969051
278000710
278721628
280163452
282784918
282588363
284620018
286127381
286979360
289076549
290190705
292418946
292615600
294843848
295171574
295958048
297924165
299955800
301135488
301332124
303363789
304084722
303822608
307754805
308541279
309524352
309458868
311359435
312408059
312801319
313784383
314767458
316536979
316471469
316930263
319027449
320338215
321255753
322042216
322632094
324008390
324008422
324336141
326105642
325188182
328006276
328071860
329448142
329251583
330365746
330693443
330693486
331611041
332266430
332725240
334101531
333708364
334363743
335477908
334298300
336067824
336133393
336461123
337575255
337640847
337182141
337772017
337575435
338755139
338558572
338034311
338820811
339214066
339214091
337968972
338755431
339869605
339083197
339279861
339148824
338493513
338428014
337969318
338428101
337903858
337576233
337772874
337772938
337248685
337641938
336790014
336593448
335413840
335807113
335610538
333906643
334365448
334693175
333185885
332727166
332465084
332137439
331154447
330695743
330302566
329647243
329909427
328271081
327091484
326042945
326174067
325125537
324208062
323225050
322373145
321521215
320931442
320079518
319424192
316606192
316540691
315623216
314836842
313722758
312215485
311035887
309856291
309332027
306776173
306120841
304482476
303958233
302582017
301271365
300353887
297929103
296028586
294455771
293865999
291768888
290392660
288885377
287247023
285149894
283708145
282331928
280234821
278989688
277941140
274926524
272698349
271191063
269749278
267324500
265096303
264047773
261229761
259329264
257625366
256118078
253758820
251334010
249499055
246943173
245173727
242748939
240258617
238161482
236195439
234360476
231870125
229314254
227610347
224530182
221974316
219352916
217911166
214699924
212799422
210898903
207228902
205918215
203100198
199954492
198185051
195563648
192876705
189337783
187371734
184160484
181473556
180031776
175968571
173871453
170791281
167711114
164303265
161681856
159519179
156504555
152375829
150671896
147919404
144708156
142742115
137302642
135795339
132125346
129831606
126816975
124064467
119608038
116527873
114496250
110367508
107549477
104207168
101258076
98964332
94311283
91362180
88150910
85988251
83104658
78975925
76092332
72487887
69080022
65737688
63378421
59642871
56431611
53744640
49812490
46339096
44110882
40834090
36115486
32969785
30282801
26285116
24384569
19534908
16389201
12260407
10228812
6362183
2167890
-1371058
-4451266
-7334850
-11594680
-13626300
-17165242
-21162954
-24636341
-28699587
-31255505
-34335682
-38792153
-41806812
-45607926
-48491494
-51964923
-55176165
-58387451
-62843901
-65989641
-69594138
-72870949
-75492403
-78769199
-82439227
-85126234
-89123936
-92335213
-95677574
-98036887
-103410848
-105311408
-109243581
-112323798
-115404002
-118615278
-122285311
-124579102
-128576823
-132705606
-135130452
-138210657
-140832150
-143781269
-146861478
-150859217
-153677273
-156495356
-160689682
-163311153
-166850112
-169602656
-173272698
-175763080
-179433134
-182775499
-185069266
-187232011
-190902060
-193785656
-197193565
-200535945
-202305448
-205647825
-207679473
-211152904
-214626343
-217444413
-219672683
-222425248
-225570989
-227733740
-231338243
-234418468
-235336025
-238481783
-240185752
-243855809
-245887471
-248574479
-251392579
-253227624
-255586960
-258339513
-260043492
-261944083
-264827705
-267121503
-269874071
-271709120
-272823276
-275575843
-278524998
-279639148
-281670807
-283899082
-285144310
-288027952
-289600859
-292025739
-294385085
-295826920
-297924127
-299955790
-301135496
-302053055
-304543462
-306181919
-308344681
-310048654
-310769616
-313587723
-313522213
-314570853
-316536986
-317454544
-318634241
-321059130
-321845624
-322435506
-324073966
-324729370
-325909086
-327285377
-328137405
-328465142
-329644846
-330496871
-330562465
-332069849
-332790797
-333315145
-333905034
-333970634
-335805695
-335281446
-335936856
-337378725
-336788971
-336592417
-336920146
-338755225
-337379026
-337313538
-337641278
-339083141
-338100135
-338296821
-338690095
-338231414
-339017904
-337969375
-337969450
-336986455
-337707409
-336658889
-336134669
-336396874
-335741564
-334758600
-334103293
-332989237
-332399458
-332661681
-331416549
-330564634
-329647202
-328467617
-326698189
-326894864
-325256510
-324011396
-323552695
-321914353
-320865848
-320013922
-318113438
-316344041
-315229962
-313984855
-312608642
-310839229
-309594105
-308348975
-306186348
-305268892
-302844111
-301074700
-299043143
-297797992
-295242151
-293538279
-291637774
-289868376
-287378031
-285608618
-284035811
-280562453
-278072136
-276827012
-274074552
-271715306
-268962835
-266865723
-264113275
-261360802
-258739408
-255593752
-254610737
-250416492
-248778132
-244846027
-242617840
-239930909
-236981842
-234360435
-231280281
-227806922
-224726778
-221056802
-217452378
-215420801
-212537239
-209719238
-205590500
-202051602
-198643784
-196284498
-191369345
-189141173
-185274571
-181539059
-178721027
-175509812
-172429646
-167973235
-164434324
-161419685
-157159878
-153096687
-149754355
-145822255
-142676548
-138416725
-134615659
-131338884
-127210147
-123736769
-119018202
-115020526
-111350526
-106763030
-103420725
-99226439
-94901073
-90772334
-86512494
-83366790
-78058386
-74388394
-69997495
-65934268
-62526426
-58463195
-53351394
-49746928
-45683692
-41030672
-36639760
-32773138
-29103143
-24515624
-19207214
-16192563
-12260410
-6886456
-2692150
1174468
5893072
10873807
14543816
18607056
22604752
27388870
30862286
34794482
39906275
43576316
48032772
52620298
56290319
60746769
65203241
69987384
73854012
77130806
81587290
86633578
90893434
95480947
98888870
103345317
107474113
111799525
114814198
119467275
122875160
127921454
131984718
136572258
139193727
143584674
146992591
150728149
155708910
158592533
163442226
167112257
170716795
175369882
179236531
181858014
184545010
189787935
193130322
196734812
199683994
203747255
207220716
211611672
214822976
217772131
221507722
224981180
227602660
231272720
234418501
237105522
240185764
243724771
247919129
250016303
253162101
256504480
259125970
261092100
265352003
267121526
270201767
273478635
274986002
278459476
280163473
283178166
285144303
288093474
290387312
292418982
295564781
297596439
298841698
302184093
303757013
305395480
307296076
308672405
311818194
313456670
314374229
315947170
317716699
320076052
321714533
322763158
324073965
325712418
326433377
328268463
328268535
330431303
330693507
332266429
332266507
332528719
334560393
335019224
336264468
337247590
337706418
337575407
338296385
337641067
338558661
338624271
338558795
340000648
339017701
338296857
338296939
338952382
338231556
338166073
337904015
338559447
337445382
336396900
336069296
335413980
334168890
333644675
332989384
331219984
331023465
329057442
327943387
326567205
326239608
323421615
322962946
320800309
320800394
318047944
316606224
316081985
313264020
312084432
310183958
307693663
305465492
303040747
301205796
300616032
296683950
294652391
291965471
289737303
287181472
284756699
281873177
278924122
276368277
272894931
270470163
267783230
265292937
262409404
259132656
255724842
251923830
248712611
245173722
241700368
238751296
234819196
231935651
228134622
225120009
220401482
216797042
212799398
209653725
205983756
202117158
198250580
194908303
189468834
186192087
181539073
177148200
174068056
169087363
164696473
160764360
156701161
152572405
147657268
143200844
138220132
134222479
129045160
124719815
120722156
115741448
111285009
106566457
101323587
96277347
92476284
87298942
82187177
77337535
72094650
68162511
62657501
58397698
53482484
48174106
44110879
37950507
32576555
27923516
23335997
19076152
12391495
8066121
2954318
-2485189
-7072706
-12839874
-16968635
-21687237
-27192268
-32107457
-37481432
-42068954
-46918640
-53275637
-56945678
-61795348
-67693583
-72608819
-77130806
-81521738
-86502496
-92400742
-96660602
-101969051
-106294453
-111209683
-116190436
-121302259
-126086438
-130084157
-135851367
-140373356
-144567708
-149417395
-153808346
-158264838
-162655781
-167964234
-171830901
-176418461
-181726908
-184807152
-190508821
-193916744
-198700909
-202567593
-207810514
-212267018
-214560814
-219017322
-223604887
-226291915
-230813950
-233959731
-237760870
-241889713
-245625309
-248443415
-252572252
-255718036
-258929371
-262730514
-266728264
-268759951
-272102352
-275969036
-278262856
-282260624
-283964650
-287241494
-290256215
-292681116
-296154589
-297924141
-299300453
-302053039
-305526538
-307885896
-309524385
-311818208
-313718825
-315816053
-317388996
-319355148
-321714531
-322697642
-324598263
-326171208
-327088798
-328399584
-329972550
-332069760
-332397512
-332856348
-334298246
-335346880
-335871272
-336592233
-337575358
-338427402
-338820707
-338296499
-338820870
-338755419
-339869627
-338558979
-338493520
-338886836
-337576199
-338035027
-337379762
-337117692
-336331335
-335020683
-335872757
-333251400
-332006295
-332202992
-329843771
-328926344
-328402144
-325977399
-325322103
-323159498
-321455647
-319817323
-317261524
-315819786
-313722722
-312084419
-310052868
-306972731
-305072267
-302123236
-300091692
-297011580
-295635401
-291310081
-288885342
-285608610
-282594019
-280562474
-276368255
-273681336
-270404604
-267127888
-262999181
-259656915
-254676235
-252382555
-249433497
-244583897
-241634817
-236981824
-233115268
-229379771
-224661247
-220598067
-216207226
-211750825
-208015319
-202903556
-197726281
-193859690
-189862048
-184750298
-178458888
-174592301
-169611622
-164762001
-159715776
-154800617
-150934027
-145297966
-139924045
-135205505
-128586409
-122950343
-117773042
-112857856
-107483921
-102306605
-97522506
-92214114
-85726089
-79565721
-74912689
-69079994
-63443922
-57349088
-51909612
-46732287
-41292795
-34804742
-29496346
-22811682
-17175598
-11605028
-6296642
-1250351
5172171
10939329
15657945
22342614
28175321
33876973
39119850
46001136
50916354
56159232
62712846
67169316
73526325
79096909
85584981
91417729
96660614
102493368
107343053
113700078
118811900
124251407
128707905
134147431
139128190
145223089
150793675
