0.432486
0.427252
0.417503
0.409683
0.400927
0.391093
0.382251
0.370982
0.358936
0.348017
0.334771
0.321749
0.304164
0.287238
0.264540
0.231422
0.192419
0.157752
0.128758
0.106534
0.094498
0.081892
0.069045
0.061552
0.049522
0.038778
0.037066
0.034737
0.032332
0.029150
0.025383
0.018749
0.010773
0.003054
0.000000
0.000000
0.000000
0.000000
0.000000
0.000000
0.000000
0.000000
0.000000
0.000000
0.000000
0.000000
0.000000
0.000000
0.000000
0.000000
0.000000
0.000000
0.000000
0.000000
0.000000
0.000000
0.000000
0.000000
0.000000
0.000000
0.000000
0.000000
0.000000
0.000000
0.000000
0.000000
0.000000
0.000000
0.000000
0.000000
0.000000
0.000000
0.000000
0.000000
0.000000
0.000000
0.000000
0.000000
0.000000
0.000000
0.000000
0.000000
0.000000
0.000000
0.000000
0.000000
0.000000
0.000000
0.000000
0.000000
0.000000
0.000000
0.000000
0.000000
0.000000
0.000000
0.000000
0.000000
0.000000
0.000000
0.000000
