0.297763
0.279554
0.258110
0.218667
0.180395
0.159778
0.146689
0.132779
0.128847
0.122528
0.117453
0.112795
0.103250
0.090400
0.082337
0.078558
0.075510
0.070165
0.061918
0.053296
0.046967
0.040948
0.039894
0.038250
0.036904
0.034530
0.032644
0.029421
0.024705
0.022361
0.020903
0.017003
0.012972
0.012937
0.011985
0.012176
0.011902
0.011823
0.011988
0.012695
0.013907
0.014849
0.016055
0.016379
0.017470
0.017143
0.017439
0.017747
0.018355
0.018053
0.018253
0.018797
0.019125
0.019370
0.019427
0.019507
0.020073
0.020487
0.020232
0.020003
0.019748
0.020257
0.020496
0.020417
0.020261
0.020156
0.020165
0.020340
0.019987
0.020531
0.020032
0.020493
0.020079
0.020079
0.020235
0.020490
0.020728
0.020531
0.020467
0.020054
0.020375
0.020391
0.020763
0.020588
0.020404
0.020222
0.020442
0.020423
0.020162
0.020442
0.020420
0.020480
0.020315
0.020152
0.020152
0.020152
0.020152
0.020152
0.020140
0.019863
0.019863
