0.052698
0.053448
0.052122
0.050334
0.048662
0.043704
0.039899
0.037189
0.032345
0.023293
0.000000
0.000000
0.000000
0.000000
0.000000
0.000000
0.000000
0.000000
0.000000
0.000000
0.000000
0.000000
0.000000
0.000000
0.000000
0.000000
0.000000
0.000000
0.000000
0.000000
0.000000
0.000000
0.000000
0.000000
0.000000
0.000000
0.000000
0.000000
0.000000
0.000000
0.000000
0.000000
0.000000
0.000000
0.000000
0.000000
0.000000
0.000000
0.000000
0.000000
0.000000
0.054314
0.054837
0.052557
0.053080
0.050725
0.048295
0.047922
0.043922
0.041492
0.040221
0.035100
0.030241
0.000000
0.000000
0.000000
0.000000
0.000000
0.000000
0.000000
0.000000
0.000000
0.000000
0.000000
0.000000
0.000000
0.000000
0.000000
0.000000
0.000000
0.000000
0.000000
0.000000
0.000000
0.000000
0.000000
0.000000
0.000000
0.000000
0.000000
0.000000
0.000000
0.000000
0.000000
0.000000
0.000000
0.000000
0.000000
0.000000
0.000000
0.000000
0.000000
0.055208
0.054051
0.053565
0.052245
0.050278
0.048356
0.047014
0.045556
0.044514
0.042801
0.039468
0.037662
0.034306
0.030718
0.020000
0.000000
0.000000
0.000000
0.000000
0.000000
0.000000
0.000000
0.000000
0.000000
0.000000
0.000000
0.000000
0.000000
0.000000
0.000000
0.000000
0.000000
0.000000
0.000000
0.000000
0.000000
0.000000
0.000000
0.000000
0.000000
0.000000
0.000000
0.000000
0.000000
0.000000
0.000000
0.000000
0.000000
0.000000
0.000000
0.000000
0.087653
0.084222
0.077343
0.055665
0.053507
0.053116
0.051248
0.049583
0.048902
0.048077
0.046151
0.044326
0.042951
0.040025
0.036709
0.031511
0.023155
0.008269
0.000000
0.000000
0.000000
0.000000
0.000000
0.000000
0.000000
0.000000
0.000000
0.000000
0.000000
0.000000
0.000000
0.000000
0.000000
0.000000
0.000000
0.000000
0.000000
0.000000
0.000000
0.000000
0.000000
0.000000
0.000000
0.000000
0.000000
0.000000
0.000000
0.000000
0.000000
0.000000
0.000000
0.094831
0.092758
0.089296
0.088571
0.084137
0.080347
0.072371
0.054425
0.051062
0.050575
0.049018
0.046925
0.045744
0.043770
0.042202
0.040476
0.037411
0.034454
0.032292
0.028185
0.015794
0.005417
0.000119
0.000000
0.000000
0.000000
0.000000
0.000000
0.000000
0.000000
0.000000
0.000000
0.000000
0.000000
0.000000
0.000000
0.000000
0.000000
0.000000
0.000000
0.000000
0.000000
0.000000
0.000000
0.000000
0.000000
0.000000
0.000000
0.000000
0.000000
0.000000
0.116141
0.110077
0.101278
0.087524
0.083405
0.081105
0.077659
0.074967
0.069732
0.064837
0.060747
0.048938
0.042009
0.040604
0.039148
0.037417
0.034748
0.032995
0.031036
0.028906
0.027116
0.024454
0.020964
0.017370
0.009177
0.006138
0.005154
0.004023
0.002403
0.001893
0.000710
0.000621
0.001020
0.000621
0.000222
0.000207
0.000259
0.000732
0.000873
0.000910
0.001390
0.001930
0.001634
0.001250
0.002241
0.001538
0.002167
0.001974
0.001257
0.001671
0.001656
0.158452
0.142468
0.139289
0.131835
0.124329
0.109322
0.096134
0.094256
0.090795
0.087615
0.084330
0.076312
0.063224
0.051603
0.048694
0.047735
0.047046
0.044903
0.043201
0.041306
0.039392
0.036348
0.033458
0.030196
0.013529
0.006947
0.006670
0.005045
0.003503
0.000341
0.000041
0.000000
0.000000
0.000000
0.000000
0.000000
0.000029
0.000094
0.000118
0.000524
0.000524
0.000871
0.001460
0.002178
0.002537
0.002590
0.003615
0.003691
0.003939
0.004109
0.003862
0.212345
0.174644
0.162042
0.151506
0.137656
0.126911
0.123025
0.116316
0.108059
0.095026
0.086727
0.083790
0.080849
0.077762
0.072941
0.066604
0.053099
0.044396
0.042544
0.041119
0.038459
0.036761
0.035563
0.033057
0.030587
0.028558
0.024495
0.013541
0.010995
0.009973
0.009356
0.007286
0.005620
0.005007
0.005266
0.005021
0.005320
0.005429
0.005484
0.005384
0.005584
0.005634
0.006151
0.007340
0.007259
0.006873
0.008030
0.007640
0.008530
0.008807
0.009179
0.262073
0.247866
0.231779
0.209493
0.172889
0.148344
0.140845
0.132650
0.119816
0.112000
0.107180
0.103487
0.097039
0.088999
0.076392
0.070291
0.066154
0.062930
0.058937
0.051074
0.040929
0.037008
0.034658
0.030940
0.028939
0.027012
0.025412
0.023492
0.021813
0.019975
0.012538
0.010412
0.009307
0.007942
0.007513
0.007347
0.007646
0.008163
0.008130
0.008415
0.008592
0.009177
0.009329
0.009007
0.008856
0.009910
0.009704
0.010181
0.010567
0.010455
0.010665
0.338185
0.329086
0.317632
0.306598
0.293006
0.278266
0.255692
0.222558
0.186679
0.162846
0.145992
0.134994
0.127746
0.123244
0.116196
0.108160
0.099350
0.085710
0.078539
0.075239
0.070187
0.059363
0.052971
0.047034
0.041259
0.039032
0.037037
0.035523
0.033894
0.032208
0.027117
0.023296
0.022201
0.021015
0.018342
0.015520
0.013923
0.014225
0.014566
0.016258
0.016726
0.017057
0.017652
0.018453
0.018590
0.019570
0.020719
0.021094
0.021409
0.021686
0.022259
0.333829
0.325963
0.315768
0.308200
0.298525
0.289022
0.278743
0.267641
0.255832
0.240592
0.221733
0.197857
0.167151
0.144944
0.132884
0.120587
0.111830
0.106850
0.100780
0.091473
0.082987
0.073757
0.068758
0.062769
0.054161
0.046036
0.041976
0.040648
0.038750
0.036748
0.036065
0.034034
0.032272
0.029339
0.027509
0.026173
0.024751
0.022299
0.021481
0.020945
0.021023
0.021133
0.021645
0.021868
0.021499
0.021946
0.022584
0.022602
0.023868
0.024043
0.024184
0.327969
0.318678
0.310206
0.300055
0.291020
0.282024
0.273868
0.264038
0.255176
0.246239
0.236498
0.226581
0.216030
0.203664
0.186470
0.161273
0.142597
0.127301
0.112867
0.101840
0.091576
0.086248
0.078121
0.071664
0.063991
0.058260
0.052757
0.047941
0.043831
0.040417
0.038265
0.036231
0.034826
0.033921
0.032826
0.032022
0.031410
0.029964
0.028880
0.028502
0.027874
0.027814
0.028103
0.027780
0.028319
0.028421
0.029719
0.029329
0.029601
0.030364
0.030898
0.325092
0.315105
0.306309
0.296554
0.286670
0.277877
0.268871
0.259954
0.250595
0.242039
0.233526
0.225602
0.216588
0.207961
0.198759
0.188811
0.179479
0.167698
0.153125
0.136050
0.119114
0.106121
0.091089
0.082813
0.076242
0.069983
0.063569
0.057251
0.053483
0.049488
0.045395
0.041465
0.039716
0.037852
0.037159
0.035783
0.035454
0.034907
0.034711
0.034828
0.034387
0.034844
0.034938
0.034041
0.034448
0.034640
0.034832
0.035063
0.035529
0.035702
0.036374
0.321491
0.312247
0.302336
0.292397
0.282810
0.273460
0.264157
0.255203
0.246708
0.238201
0.230082
0.221509
0.213353
0.205342
0.196822
0.189041
0.180234
0.172700
0.163304
0.154617
0.146348
0.136563
0.126126
0.115509
0.102734
0.092271
0.082024
0.074643
0.069014
0.064194
0.059743
0.056069
0.053032
0.050121
0.048673
0.045975
0.044848
0.043673
0.043215
0.042796
0.042993
0.042573
0.042836
0.042578
0.042782
0.043130
0.043315
0.043446
0.043500
0.043845
0.043940
0.318067
0.308102
0.298401
0.288637
0.278589
0.269346
0.260329
0.250827
0.242001
0.233718
0.225192
0.216443
0.208460
0.199639
0.191421
0.183218
0.174773
0.166794
0.158170
0.150370
0.142673
0.134974
0.127931
0.120549
0.113954
0.107466
0.101238
0.094144
0.088674
0.082143
0.077062
0.071555
0.067723
0.063871
0.060443
0.058289
0.055159
0.054934
0.052733
0.053180
0.051793
0.051113
0.051090
0.050611
0.049997
0.050664
0.050325
0.050260
0.051810
0.052276
0.050874
