0.298294
0.210696
0.000000
0.000000
0.000000
0.000000
0.000000
0.000000
0.000000
0.000000
0.000000
0.000000
0.000000
0.000000
0.000000
0.000000
0.000000
0.000000
0.000000
0.000000
0.000000
0.000000
0.000000
0.000000
0.000000
0.000000
0.000000
0.000000
0.000000
0.000000
0.000000
0.352731
0.327365
0.222322
0.000000
0.000000
0.000000
0.000000
0.000000
0.000000
0.000000
0.000000
0.000000
0.000000
0.000000
0.000000
0.000000
0.000000
0.000000
0.000000
0.000000
0.000000
0.000000
0.000000
0.000000
0.000000
0.000000
0.000000
0.000000
0.000000
0.000000
0.000000
0.378608
0.353812
0.313472
0.248520
0.009623
0.000000
0.000000
0.000000
0.000000
0.000000
0.000000
0.000000
0.000000
0.000000
0.000000
0.000000
0.000000
0.000000
0.000000
0.000000
0.000000
0.000000
0.000000
0.000000
0.000000
0.000000
0.000000
0.000000
0.000000
0.000000
0.000000
0.392799
0.387474
0.355406
0.322181
0.265802
0.117967
0.000000
0.000000
0.000000
0.000000
0.000000
0.000000
0.000000
0.000000
0.000000
0.000000
0.000000
0.000000
0.000000
0.000000
0.000000
0.000000
0.000000
0.000000
0.000000
0.000000
0.000000
0.000000
0.000000
0.000000
0.000000
0.401698
0.384164
0.366471
0.331165
0.304268
0.267693
0.171612
0.000000
0.000000
0.000000
0.000000
0.000000
0.000000
0.000000
0.000000
0.000000
0.000000
0.000000
0.000000
0.000000
0.000000
0.000000
0.000000
0.000000
0.000000
0.000000
0.000000
0.000000
0.000000
0.000000
0.000000
0.393092
0.378660
0.349145
0.317679
0.291122
0.252144
0.213462
0.151831
0.000000
0.000000
0.000000
0.000000
0.000000
0.000000
0.000000
0.000000
0.000000
0.000000
0.000000
0.000000
0.000000
0.000000
0.000000
0.000000
0.000000
0.000000
0.000000
0.000000
0.000000
0.000000
0.000000
0.477116
0.472267
0.463368
0.462944
0.448394
0.435163
0.417930
0.390150
0.368255
0.340804
0.282465
0.212120
0.000000
0.000000
0.000000
0.000000
0.000000
0.000000
0.000000
0.000000
0.000000
0.000000
0.000000
0.000000
0.000000
0.000000
0.000000
0.000000
0.000000
0.000000
0.000000
0.474399
0.465321
0.459547
0.447745
0.432348
0.418876
0.400392
0.381836
0.356344
0.325986
0.300893
0.257608
0.207931
0.013618
0.000000
0.000000
0.000000
0.000000
0.000000
0.000000
0.000000
0.000000
0.000000
0.000000
0.000000
0.000000
0.000000
0.000000
0.000000
0.000000
0.000000
0.468145
0.461965
0.451626
0.438630
0.430139
0.409865
0.389996
0.369260
0.347658
0.317218
0.293075
0.260613
0.222665
0.181020
0.111852
0.000000
0.000000
0.000000
0.000000
0.000000
0.000000
0.000000
0.000000
0.000000
0.000000
0.000000
0.000000
0.000000
0.000000
0.000000
0.000000
0.478317
0.475569
0.472668
0.465058
0.460783
0.452079
0.440271
0.426376
0.410801
0.394106
0.376342
0.349188
0.327251
0.302234
0.268591
0.223546
0.094366
0.000000
0.000000
0.000000
0.000000
0.000000
0.000000
0.000000
0.000000
0.000000
0.000000
0.000000
0.000000
0.000000
0.000000
0.483855
0.479881
0.472457
0.469362
0.460829
0.451878
0.441149
0.426134
0.409695
0.393885
0.372156
0.349632
0.325456
0.296261
0.270683
0.243412
0.207065
0.155931
0.000146
0.000000
0.000000
0.000000
0.000000
0.000000
0.000000
0.000000
0.000000
0.000000
0.000000
0.000000
0.000000
0.484235
0.481760
0.475707
0.470509
0.463120
0.455625
0.443661
0.431626
0.415656
0.394221
0.374032
0.347932
0.320924
0.295359
0.265787
0.235219
0.208620
0.174687
0.134202
0.035749
0.000000
0.000000
0.000000
0.000000
0.000000
0.000000
0.000000
0.000000
0.000000
0.000000
0.000000
0.485003
0.480902
0.477155
0.472133
0.464301
0.454579
0.443936
0.431097
0.415447
0.394745
0.372107
0.347135
0.318492
0.292676
0.262820
0.231152
0.204245
0.178981
0.148741
0.118655
0.075530
0.000952
0.000000
0.000000
0.000000
0.000000
0.000000
0.000000
0.000000
0.000000
0.000000
0.484634
0.480885
0.476580
0.470591
0.462783
0.453833
0.441665
0.427338
0.411068
0.391268
0.368086
0.341713
0.312935
0.284824
0.258573
0.229320
0.199511
0.176234
0.148584
0.127928
0.104475
0.080478
0.043621
0.000828
0.000000
0.000000
0.000000
0.000000
0.000000
0.000000
0.000000
0.485687
0.481885
0.476333
0.470330
0.464390
0.455198
0.443217
0.427635
0.411941
0.391306
0.367120
0.338544
0.307780
0.276916
0.247790
0.220002
0.195065
0.169541
0.145067
0.121206
0.099471
0.082688
0.068682
0.056476
0.042907
0.023836
0.004264
0.000000
0.000750
0.000000
0.000050
