-259525932
262129
-273746976
-12
-286329612
65514
-297339359
262119
-306776263
1048571
-316278675
983010
-323290714
1179634
-329909507
131053
-334300068
1179630
-336593510
262126
-338886934
-14
-339738566
786415
-338820735
-65543
-336002338
-131087
-331873240
-22
-327350939
-131096
-321190222
-1114128
-313194537
196584
-303036129
65524
-293205444
-524306
-281408654
-327705
-268956556
-1441799
-254538368
655338
-239923583
-917531
-224587941
-1179655
-206761923
-524301
-188018442
-196613
-169995854
-589833
-150662570
-1114122
-131198230
-983065
-109964448
-1179657
-89648199
-1245208
-66907132
-786429
-46394304
-1769479
-24701820
-655365
-2812798
-720898
19403878
-851971
41292888
-917502
62395432
-720892
85005275
-524289
105452415
-1048578
125309693
-720889
145691266
-1441794
165810663
-262143
184357174
-1245178
201986163
-786423
220860339
-1245165
236064459
-262121
250154440
458746
265424078
-458741
278334390
-589803
290720421
15
301205875
-851958
310773840
15
319817498
-393194
324928966
-393198
331023490
-393204
335807297
-786426
338035171
-393204
339935372
-196603
339279671
262167
337706470
524308
334953632
262159
330234717
851982
324991498
393237
317651152
196615
309786512
983055
299562588
13
289011000
589841
275510296
196621
262796056
-65514
247984659
655381
232648994
655376
216330299
1179665
199290738
524308
180612796
589836
161082899
2031620
142142836
589828
121367801
786440
100527230
1114110
78965801
327682
56486875
327685
36170680
1179650
12774307
1048580
-8459368
1179647
-30413910
983031
-52433959
524289
-74191844
1179650
-95294348
1114111
-116659001
1769469
-136975022
1507310
-156963358
524284
-176623994
1245162
-194384056
1179644
-213192684
1114106
-229248792
720883
-244846113
655343
-259656985
1048563
-273878041
1048565
-285805302
983035
-297273809
-12
-307431594
458729
-316344171
720883
-322831927
983019
-328729819
1048552
-334824352
655329
-337969736
-262171
-338034913
-65550
-339541908
-327706
-339017292
-655373
-335740135
524274
-331807633
-65564
-326433366
393210
-319944969
1179624
-310310860
65529
-301921943
-262165
-291239280
131052
-278131804
-1114128
-266072882
-196627
-250475054
-786445
-234615107
-917516
-218427471
-1376265
-201715588
-327702
-183955147
-1114121
-164490780
-720910
-146009458
-655363
-124972264
-1703937
-103738493
-1048585
-81587222
-1376260
-60615642
-1114123
-38661037
-8
-15133574
-131080
6296694
-393221
28710000
-589823
50336836
-983038
72160255
-1114098
94114747
-1048566
115217218
-1048586
135926482
-1376238
156701238
-720891
175509915
-1376258
194187474
-917496
211881994
-262139
228790068
-1507328
244518454
-393203
258608457
-1376255
272960553
-524278
286067478
-851953
296880617
393232
307628215
-983016
316344183
393226
324142649
-196592
330630382
-196586
333513627
-786421
338166349
131086
338821357
-983028
339476374
-196592
338361929
589835
335609067
-196576
332987307
327688
326105681
65551
320010504
-262126
310769614
393227
301397643
131097
290059644
65548
277935196
1769494
264631102
589833
250278448
1179651
234746184
262152
217706594
524290
200273793
458774
181399240
458754
162262556
1114123
142863735
393217
122088706
1048580
102362257
1179653
79948839
786437
58190806
1376262
34991040
1572862
13953951
1376255
-9180265
1179654
-31528019
983050
-52433946
851959
-75699184
917492
-96801675
1179640
-118166307
1048570
-139268760
1245182
-159191566
1048562
-178393433
917483
-197398681
917488
-214634429
917504
-231870178
393196
-247664110
1376252
-262802670
458738
-276433893
-11
-288819889
983023
-300681622
589794
-309266513
524270
-318179094
-65555
-325977530
524278
-331351152
589807
-336266023
196582
-337641934
262141
-339345534
262123
-339214101
-327695
-337706439
-393234
-334036090
-655393
-329448217
-524303
-323221967
-655375
-315947140
-458761
-307099454
-327693
-296285711
-65549
-285471974
-524304
-273806282
-1114125
-258339525
-1376274
-244576701
196593
-228258002
-1310728
-210431987
-786451
-192278297
-1179646
-173141598
-1048591
-152956346
-917503
-132640052
-917507
-112192674
-1507334
-90041419
-1179659
-68086761
-786432
-47246273
-589832
-24243082
-327672
-1633147
-1441790
20452480
-1114113
43390029
-131083
65999895
-1835019
87888851
-65540
108794730
-1245177
129700597
-1572856
150082146
-983042
169742782
-1245168
189665545
-1507308
207097907
-1507325
225644389
-983038
241831511
-720891
256183651
-589808
271912022
-1245176
283904836
-196594
296225311
-327670
305137891
-393187
314574774
8
322176602
-917484
329254168
-196581
333448129
720903
337183329
196620
339935508
131081
339083177
-720881
338427488
262163
335150329
-458741
332397469
-196593
325778004
18
319617296
851979
309721032
1310737
301201029
1310733
290387290
131079
277214262
786443
264827673
1114130
248640040
-262137
232911143
983058
216330312
589830
198635366
524302
180088491
458767
159772153
1048586
139390304
851973
117763291
720897
96595062
851967
75361294
1245183
52227028
524294
30534573
786435
8186774
786430
-14029925
1310729
-36967488
1376266
-59446286
1441789
-81662942
1310706
-103813995
262139
-124457717
983046
-146084458
1376257
-166334915
1572857
-185602332
1179638
-204083278
1179641
-220729201
1441774
-238030468
917494
-254283156
327675
-269094005
589809
-282135379
1114099
-293341737
1376239
-304417009
786420
-314574787
196594
-321783404
1048557
-327877931
589788
-333251544
393176
-336855675
-262160
-339345697
720876
-338493371
655334
-338230876
-196621
-335871235
-131097
-331217813
262132
-326826582
196595
-319551742
65530
-311359434
-196642
-301069955
-393237
-290059583
-1310737
-276952110
-131093
-263123725
-262173
-248312329
-1376276
-231665939
-393234
-215019557
-1376265
-196996943
-524298
-178515600
-1376260
-158002653
-851967
-137686339
-655349
-116714683
-720905
-95284304
-917515
-72543228
-1310737
-50916293
-917512
-26995607
-1310715
-4844421
-1376255
18355318
-1703932
41358430
-655347
62592033
-1703931
85857233
-917500
107221877
-589817
129307387
-1179640
150082164
-1507320
170267070
-1900537
190124292
-131058
208605230
-1507314
225513293
-1179625
241372759
-196602
257363296
-458730
271191122
-196593
285543228
-655342
296815100
131092
306776261
196618
316606338
-589805
324863541
-65523
329057501
-65532
335020923
-262125
338493993
-393205
338690272
131092
339672936
786450
337378823
-262121
335346854
786446
330758990
327693
325122556
262153
316274868
1048581
306902879
-393210
298513964
1245194
285996278
262156
273150942
1048574
258601677
1310739
243069375
1245199
227668167
1
209317859
983036
190508811
1114105
170323550
1441795
150007223
1179652
129232156
1507338
107867299
1769459
86240325
1507345
64613355
458751
41413561
983038
18607008
1245179
-4396131
1572860
-27202650
1376247
-49681469
917507
-72946671
2031605
-95163298
917495
-116003616
1376256
-138154665
1769453
-159257115
1245178
-179966298
-11
-199037066
1310721
-215879603
1703934
-233049804
983038
-249892303
1179635
-265030852
917492
-278399906
655339
-290458237
-262165
-302778689
655350
-312018945
-131088
-320669360
720889
-327812466
262125
-332137470
-327690
-336855713
1114093
-338493764
-196618
-339738610
-6
-337575561
-262169
-336067869
-458763
-331807695
-851986
-327547512
-983055
-319682840
-65544
-310900681
-1179658
-301397662
-720923
-290321735
-65556
-277672994
327657
-262468365
-1310736
-248115723
-1507332
-231076117
-327707
-214036513
-720905
-196538196
-1114129
-176811652
-1048589
-156233179
-1835007
-135654711
-524294
-114683046
-1376267
-91941962
-1441800
-68611057
-917509
-46984120
-851983
-23391118
-1441781
-1174412
-1310720
22549620
-1310719
45225027
-720894
68162572
-1114119
90641350
-393215
113185624
-1507322
134484693
-1572861
155456045
-786423
174723476
-1179620
195825853
-589825
213389287
-1048561
230428422
-655351
247533074
-327673
262671602
-1507304
276302815
-327676
289082040
-720869
300878196
16
311560263
327697
320341747
5
326305188
131086
333513810
-524250
336069347
-262123
340132229
327705
339148827
-262140
339345080
720904
337575235
26
333052898
655360
327481998
65550
320272702
655373
312408045
1179648
301790877
393232
290649460
655370
278918212
1048590
264565526
524303
248508943
327695
232714522
720909
214560801
851974
196144981
1179660
177860240
1835013
156102104
1245181
135916857
1114118
114486462
1114115
91941980
458757
69463038
1179656
46001100
1114111
23456676
1703949
-332913
327682
-23991391
1376253
-46404671
1310721
-69866514
983014
-92214195
589823
-114299710
1179645
-135205568
1638395
-156766743
1179627
-176623980
851974
-196219043
2293754
-215420864
1048556
-233180888
786425
-248712652
1245182
-264768712
983021
-278924213
589803
-291244680
589815
-301533507
786397
-313001973
-262159
-320210605
327666
-327550289
327657
-333120495
-393232
-336134794
-196618
-338034973
-393227
-339804081
-196619
-338493020
-524307
-335019247
-524308
-331545487
131074
-325122595
-1048602
-318503130
786419
-308541311
-65562
-298579507
-589841
-286192904
-131086
-272495580
-917507
-259650254
-1179664
-242938287
-524291
-227012797
-1245190
-209252308
-1245200
-189787908
-393227
-169602623
-1638410
-150138285
-196623
-126938371
-1114122
-106753152
-1114107
-81980433
-720900
-60156892
-524287
-37088163
-1441786
-14609271
-1179651
9376877
-1376253
33166440
-1376257
55645227
-655370
78779373
-262139
101847942
-327665
123933463
-1179635
145625725
-1441784
166466011
-327667
186126628
-196596
204410948
-655344
223088508
-458732
240979579
-917496
255724907
-786418
271649875
-1048560
284429096
7
297667062
-524282
307431615
-851934
316999533
-196588
324535821
-65525
330958007
-327655
335479632
196622
338231778
-131061
339935358
524304
340066079
1114132
338034092
131082
333904966
524308
329579235
983062
322501002
393221
313784379
917517
304871142
524290
293074346
1769475
280753274
524301
266531662
851963
250802755
655374
233894200
589837
216920145
1572857
199946096
262159
179433123
1048575
158068199
786430
137620815
917508
115862731
983038
93711450
1507346
69463047
851968
46525377
1179652
23391134
1900542
-398452
786440
-24056923
983048
-47518764
1638403
-69866487
1310734
-93197222
1966070
-116134701
1441799
-138220205
983029
-158863871
-13
-179114313
983031
-198774912
1769467
-217583506
655345
-236129959
655349
-250875323
720878
-266538138
917490
-280693627
131052
-292948547
327681
-304810240
655336
-314378150
-196632
-322504276
327671
-329319664
196590
-333841297
131061
-338362912
-524309
-338886848
-14
-339214153
524268
-337706471
196587
-334560375
-720905
-329579292
-524303
-323746245
-1048586
-315553885
-524291
-305723143
-1179646
-294974931
-1114128
-281801883
-720897
-269546353
-655364
-253424216
-524292
-237760851
196606
-219476058
-786439
-200929150
-1048590
-181726899
-1179647
-160755187
-1376267
-139717960
-655358
-117894347
-851964
-94366809
-1835014
-72543211
-1245167
-48294845
-1048588
-25422745
-1507321
-1829762
-393217
22549622
-2031613
46470224
-1048567
69145625
-1048575
92410824
-524267
115086154
-720871
137106102
-1441776
158863898
-720885
178655596
-1376243
198578336
-786419
216993732
-1572852
235474636
-1376238
252186056
-131055
267455651
-1245164
281873276
327697
293997121
-786411
305531143
-655346
314443705
-65528
322176610
-786408
330237180
196629
335152030
-393207
337773103
8
339869891
524307
340459328
-458746
337640904
-262119
335412334
786458
329054996
327690
323287479
131087
314898524
262167
306116381
851977
294843850
786443
281474195
917513
267842408
1048585
252113481
786447
234221889
1048584
217051222
1376253
200011647
589836
180154017
1114117
158854634
1441784
137555270
1572876
115797188
1114120
92007509
851968
69135349
1638405
44428227
1114102
21687202
1048582
-2888806
524276
-26219601
524285
-50140208
1245176
-73995255
1638389
-96998296
1507320
-119345950
786421
-141169294
786424
-162075111
1376247
-183898414
131049
-203165788
786422
-222629744
1376247
-239013484
1376238
-255462764
131065
-270928988
589811
-284887850
589805
-296684012
589806
-307038364
786410
-316344142
589817
-324863466
-393227
-331875453
262138
-335086371
-17
-338756011
-1245181
-339607623
-262173
-339017435
-851988
-336985446
-917528
-332856305
-786452
-327023230
-524299
-319748400
-917532
-310966221
-393223
-300807808
-393221
-289469753
-655379
-276558854
-983053
-261223147
-1507337
-245887458
-786449
-229241067
-65543
-210497520
-196611
-192016149
-589833
-170323522
-1114113
-149876113
-1376272
-127462653
-1179639
-105835660
-327683
-82635807
-655362
-59173860
-1114114
-35580825
-917501
-10677138
-524290
12915825
-262150
36770910
-1769468
60298287
-786430
84022229
-196586
107680632
-851957
129700586
-655360
151130711
-524283
172364211
-196585
192090332
-393204
210243596
-655352
229904153
-589813
247467534
-458736
261557500
720907
277547993
-589800
291572375
-458736
302647640
6
312870915
131098
321062578
65546
328205647
-327673
332923862
17
337445504
-196587
339869942
720901
339345293
131088
338820636
1048591
335609004
9
330693432
851979
323811799
720903
315881592
1114131
306378521
524305
295237074
655370
282391718
655385
268497776
1114121
252441167
917523
236515662
1048578
219148368
1507333
199421805
917499
178581144
786438
158002666
720896
136179034
458752
114224315
1638400
91614289
1245179
68086786
524288
43510728
655358
18344861
262134
-4658277
1179636
-29168733
1572857
-51975207
917494
-75174878
851955
-99357576
983039
-122098453
196593
-144380552
786418
-165745113
1310702
-186257680
589815
-205393971
-327688
-224595774
-131083
-242683479
393192
-259132720
-15
-273288215
524270
-287771346
1048540
-298715556
655344
-309987400
786422
-318899966
393198
-327484814
262136
-332203033
-786465
-335872703
-131093
-338821446
720889
-339607504
-18
-337772114
393209
-336329966
-851983
-330824582
-393216
-325253646
-393222
-317782187
-524308
-307754835
-65551
-296744450
-524314
-284030152
-1310727
-270529430
-393229
-255521392
-1179666
-237957482
-917529
-221769826
-983037
-201912194
-655374
-181137072
-1900543
-160493045
-1638407
-139128148
-720911
-117697728
-1310726
-93252690
-1179665
-70970349
-1835013
-46066616
-327679
-22670222
-851969
1119355
-65526
25826414
-327679
49878099
-1245178
74060793
-983021
98177955
-131066
120328993
-1114092
142545567
196608
165024243
-917498
184750377
-851939
203952224
-262132
223809376
-458738
242880116
-720878
257690970
-1048563
272239658
-589821
286788348
-851941
299108788
-655345
308938851
-786416
319293198
-458736
327550369
22
331940918
786460
336724675
655376
339345767
327681
340197351
131087
338951786
131089
336133358
786454
331742080
917511
325057054
327689
318044348
1114133
308016984
983055
296351236
458769
283505876
327689
270398354
65549
255324791
917499
238743901
393234
219934828
1114113
200994685
1310725
181268146
393224
160296431
1179643
137620814
1376255
114158785
1048573
93121628
1048573
68742145
1376250
44755894
1245169
20376472
983031
-3609707
1114101
-28775511
1245174
-51975202
1048557
-76223464
655341
-100733843
262147
-122753800
458726
-146215541
720884
-167121340
983012
-188223739
-29
-207425556
-20
-226168619
786415
-244583977
393204
-260508934
917491
-275778535
1048566
-289737393
-393224
-300091742
655347
-311625744
-28
-321586867
131056
-327943499
-262158
-332596185
131061
-337379947
-12
-339476716
-655390
-338689902
655344
-337706498
65512
-334953601
131059
-329186066
-1048597
-323877287
-131083
-315750467
196601
-304543469
-196627
-293205416
-786439
-280163423
-720910
-265876276
-983039
-249950730
-1441808
-231665916
-1048580
-213839890
-262145
-194703151
-196613
-174059111
-1572867
-152497574
-1114106
-130215204
-1
-107801746
-720902
-82570285
-1572863
-59763678
-655371
-35122070
-458749
-9759626
-1900547
13112436
-1310711
37622874
-1245180
62526499
-851971
85857238
-655360
108598109
-1310709
132453076
-589825
154866227
-524263
175706498
-786426
196808885
-1048566
217124804
-393198
233770706
1245196
251203030
65550
266931353
-196590
281611120
6
295111217
-65521
305924309
-131057
316868487
-262127
324339227
262160
331285678
589847
335676209
327688
338100674
393231
339738694
196621
339279585
786449
337378642
196621
333118435
131081
327809658
-393200
320010526
1048600
310048685
1245189
300414556
-327669
287962377
458761
274199508
-65523
258405040
655370
242086303
1441798
224391333
262158
205320117
1048587
184151760
1114113
161607185
917502
141356386
1572865
118877386
524288
94891106
2031607
280228902
720888
241824161
393219
199290731
262130
150269366
-131086
97971340
-65562
40627156
-196617
-16389205
-393237
-72881124
-7
-128520934
-393231
-178983273
-1245209
-225644413
-1310739
-265293062
-1048605
-297667151
-196613
-322438978
-2359296
-338494467
-1245191
-344064170
-1245176
-341835096
-1376251
-329841148
-917496
-308541173
-1310708
-278459385
-589816
-240710013
-720869
-197783376
-720867
-148172186
-262129
-94039146
-524253
-39316417
524305
19272797
524316
75240425
720918
129962723
851988
181080428
851976
227086196
1179664
266341624
589822
299239989
2097149
323290940
1507328
339280887
1441784
346030254
917495
342293843
917501
329185784
851953
307623647
131065
277410816
1310710
239858022
1114090
196407104
327673
146402719
-65557
92531817
-524313
35711954
-23
-20190280
-1048583
-77272033
-983057
-131732170
-1638410
-183046477
-1245201
-228790086
-1572884
-267980000
-1376251
-299960863
-1572881
-324405002
-1703940
-339280852
-1572865
-345178220
-1310714
-340655403
-983037
-327875032
-2359287
-306247347
-262134
-275706839
-524269
-237433146
-524268
-193261349
524302
-143650172
-589806
-91155551
1114119
-34925494
-524267
21959753
524303
79500258
1245192
134222548
524303
184619308
589831
230756163
1638403
270404798
1048579
301992440
1703932
325060338
1310727
340132781
1376251
345702487
1179648
342555886
1507316
327154099
524271
305395354
1114103
274461618
458730
235663682
589804
191819547
655339
140701026
393197
87092315
-65561
30206911
-917529
-26678350
-131093
-82318260
-12
-137106099
-851986
-187371805
-851966
-233180954
-655370
-271715467
-1310722
-303303102
-589826
-326239909
-1507324
-340198238
-1376256
-344391705
-1376255
-339016882
-786411
-326105446
-983033
-302970452
-720876
-271774576
-458740
-232714492
-786416
-187494114
-393201
-136244542
196620
-83094594
-131063
-26209190
786447
31396948
327695
86840272
786447
141103779
1179671
191500554
786451
236457716
1376267
275385449
1441800
305924515
-262138
327747189
1835011
341639990
983041
346161110
1572862
339934326
1769458
324991289
1376243
301397549
851956
270136148
458737
230093025
327658
184807123
1114095
133950783
917490
78507068
-393238
22408108
-131091
-34346044
-65557
-91427742
-524306
-144904829
-524302
-194384079
-524295
-238751416
-1114121
-276433965
-1376258
-306645329
-1310728
-329123381
-1114115
-340722403
-1048570
-344326001
-524270
-338885674
-2228220
-323811565
-917487
-298513874
196627
-266138399
-458727
-226422957
131087
-180809390
262164
-129232166
-262119
-74640413
720906
-17755047
655376
40178762
-458736
96539552
1048591
149426802
983067
199692483
983041
242421391
1114115
280300551
1572876
309070113
1310734
330565114
1769475
342688424
1572851
345833294
-196608
339409901
1310715
321648810
2
296809900
327671
263058149
589803
222818440
327657
176418441
524272
123792671
-458756
68742177
-27
12315567
-131075
-44307492
-458778
-101389180
-1048589
-154079807
-65545
-203559027
-917509
-246353490
-1179653
-283904933
-1441802
-312019140
-1179658
-331417000
-1310706
-342426191
-655354
-344129259
-2228222
-337181562
-1310701
-319092800
-720887
-292943189
-851951
-258863751
327704
-218624043
-458730
-170585679
-851954
-117828837
-393196
-62712815
-327643
-5761951
65554
51057711
720913
106369908
720912
160305688
1179666
209129551
1114118
250940933
524298
287247217
983040
314050689
1376268
334759249
851971
344326657
1310719
344719005
1179649
335805255
1376241
317978626
262129
289404159
655344
255193694
851959
212856842
327654
164425258
393205
112782551
65513
57076730
-655380
-201807
-458764
-57545731
-262170
-113382202
-327696
-165548512
-1245205
-213913602
-983035
-256380345
-917505
-289213201
-1769473
-316868620
-524292
-335676636
-524285
-344457584
-917503
-343866905
-983024
-332724932
-1376254
-313325449
-1114092
-284816552
-262127
-248639990
-1179637
-205778867
-589813
-158002656
-458726
-104983704
196637
-49671128
655380
8066140
983062
66196513
786443
120656675
786447
172364220
1441800
220139469
1179654
261426530
1507341
294521519
1376252
320079787
1507330
337577076
1441801
344981782
1441777
343604653
1376245
331938395
851959
310769441
131053
281080910
65508
243659189
393194
199749510
-27
150597046
-327716
96726137
-524303
40233930
65502
-15799384
-327684
-73339875
-327705
-129045232
-983050
-179179875
262136
-226365297
-917506
-266734839
-1048584
-298846781
-1310723
-324011810
-655366
-339018713
-1179645
-343081094
-786427
-341703972
-786418
-328595928
-1703927
-307295923
-983036
-275903444
-720881
-237367608
-131055
-192540451
-786413
-142536037
196617
-87551058
-196591
-31910827
17
26022994
983059
83170256
196629
137302727
1245207
187699505
655370
233901851
1835011
273353877
393226
304417210
1310719
327681694
1048579
341377885
1900535
345374730
720892
340196518
851958
325843281
524276
302380609
1048542
269218665
65517
231338219
983020
183430868
917498
133688643
131060
77458493
327658
21621699
-131079
-35263541
262124
-92345237
-851982
-146608755
-917518
-196153550
-851973
-240127652
-1572872
-278006809
-1835018
-308676904
-917504
-329319947
-851950
-342819507
-1310715
-344719189
-1703924
-337968101
-1441793
-321976494
-1638395
-296744353
-655346
-262992586
-458746
-222097520
-131058
-175632004
-262132
-123202825
327706
-67824633
-131040
-10742687
458768
47322169
524306
103945084
524297
156635708
1835024
206442617
1114129
249105968
1245195
285805456
1572878
313985199
1310732
333251957
1048584
345178654
983052
344653471
1703934
335018844
1114114
317585430
655345
290649360
720885
255586923
589818
214560771
720884
165015079
-131080
112913609
196587
56093686
-327702
-1512521
-327695
-57938962
-786462
-113578808
196590
-166728147
-1179653
-214896630
-1048585
-256380326
-1703940
-290523888
-720898
-318179310
-655344
-335938757
-1638406
-344064329
-1310714
-342883821
-1310721
-332987029
-327670
-311883601
-1310694
-282522727
-1966068
-246542791
-196593
-202633108
-1310695
-153349590
-1048552
-100265102
262158
-43576276
-196592
13636702
1179651
71439361
720915
126161673
1572869
179114371
589852
225578890
524293
265096490
1572873
299043415
1179657
323290954
1507338
339280899
1048569
345374877
1310715
342424900
393210
329447898
1048575
306181820
327664
276296663
851949
237760850
327664
192868137
720869
141618559
-5
87813212
-917524
30534601
-196617
-26678343
-655379
-83760067
-524309
-138744483
-1048592
-189927683
-1048586
-234622698
-1048586
-274271343
-1376264
-303171985
-1048580
-327616115
-1441790
-340460340
-1441795
-344981459
-1769462
-339344465
-1376232
-323025162
-917483
-300480001
-458750
-267383579
-393197
-227274931
65554
-181137069
-393185
-129625382
262151
-72215557
-458739
-16706456
1245202
41817153
1572887
97457045
458778
152375911
262160
201396385
196615
245567085
786432
282201045
1835022
310577391
1507331
333120966
983032
342360680
1048572
345112322
1245187
337640351
1310712
319223905
1179637
292549966
786421
258601623
1703919
215937066
720891
168554056
-196635
115666141
-131089
59567101
-327702
1764284
131061
-56103967
131053
-111678280
-1703945
-164434428
-65563
-212209672
-458761
-255200703
-1245206
-290589470
-917512
-317458433
-1572862
-335086806
-2359306
-343146872
-327675
-342949390
-524280
-332397232
-1507316
-313522037
-851943
-284030074
-524275
-246608346
-655340
-203354002
-655343
-154332622
720913
-101117065
262164
-44559305
720914
13702243
589845
69800955
9
125571844
524305
177869196
1114120
224989075
983049
266865938
1114107
299043423
1310714
322832195
655368
340329462
1507320
345309327
1507321
342031659
1310714
329120228
917485
307492514
589808
275837899
589815
237302071
1048569
192081690
327671
140766578
327666
86240359
131043
28175289
65525
-28578891
327671
-86447040
-1245193
-140841637
-1966099
-190976250
-1572877
-236457688
-720910
-276040791
-1376259
-305596784
-1638411
-328861258
-786431
-341574396
-917505
-344719244
-1638400
-338295850
-1048562
-323221724
-131078
-297399749
-1245161
-264696578
-786429
-224981136
-131059
-176549521
131094
-125037815
-65529
-68873223
17
-11594648
14
46339136
983060
102634379
589833
156504642
458769
204935295
655378
248581691
2031621
285805466
1441793
313985170
1572875
334103898
1310719
342950412
1638399
344194721
1703926
336198445
327671
317519868
1310704
289993968
327669
252572226
458742
211415034
851948
162000402
196591
109440181
393196
52751330
-983066
-6362206
-458768
-63771650
-786448
-118493987
-65556
-171708860
-2228229
-219680706
-786447
-259460456
-720901
-295373484
-1245198
-321128349
-1769475
-336856154
-1245194
-344522989
-983032
-342359404
-1441779
-330037803
-1179644
-308082424
-1114089
-278590461
-589801
-240513404
-786422
-195882826
131091
-146206093
-65524
-90958945
21
-34401206
-196585
23336013
1507340
81204192
196607
136123083
720917
187240761
1114130
233574171
786434
272043163
262148
303892932
1179652
328664745
917508
340984647
1179632
345571295
2097153
339737722
458743
324794659
1900518
299955732
1900522
267252543
1572859
227995844
1310700
181464751
65516
127331633
131041
73395241
196588
15854508
-131097
-42931260
-23
-99423113
-1769487
-153358902
-1245195
-203821177
-393227
-246419000
-1900547
-282987424
-1179640
-313264301
-1638401
-333448566
-1114115
-342753830
-1048577
-344522423
-1834993
-335346504
-1310700
-317323271
-1245176
-290649347
-720878
-254079555
327694
-211611643
17
-162917897
-720878
-108915885
1114129
-53341145
131090
4265061
589837
62460955
1441802
117904184
1245197
171053520
1245184
219484119
1114108
261229945
983051
294914746
1572860
320800681
1638394
337773679
1179655
345374974
1179639
342883747
1966068
330824236
1376236
309720844
1245163
279573537
1179617
239726976
1376243
196341584
196600
145354151
589807
90827882
262124
34532293
-393236
-23925846
-917525
-82187216
-1572876
-136843955
196586
-187306262
-1179666
-233901839
-720917
-272895124
-1114121
-304548257
-983042
-326239876
-1769476
-341574450
-1835008
-343867332
-1638401
-338558043
-655358
-324073732
-851956
-299693553
-1507307
-266728205
-589803
-225964189
-262140
-177008279
-131052
-126872827
-589807
-70577169
65545
-12446621
786443
45683774
917517
102437774
983055
155193925
524296
205066353
851985
248974908
1572870
285608851
393217
313854110
1048573
333448529
1441789
343998969
1769473
343604878
327675
334560044
1179636
316405757
1048557
288421092
917479
252244518
-262163
209055720
786421
159903229
327670
105114796
720883
48884707
458726
-8328282
-65550
-66196493
-589837
-121836310
-1114135
-173412762
-720903
-222302128
-1310736
-263064886
-589834
-296225385
-983055
-321914712
-1507326
-338232335
-1245176
-344653980
-917498
-341507381
-65535
-328399333
-917481
-306181814
-1441774
-275575753
26
-236122422
-196581
-191033100
-65519
-139259238
589839
-84077636
-196588
-27323305
393228
31200339
1048590
89199539
983072
144315031
3
194056435
720897
238227173
1507338
277810241
983043
309004620
1114120
330761763
1114120
342033106
1114099
344391515
1769462
339147755
1441785
322042019
2228222
294712717
1441779
261681874
1114106
219410518
-12
171765358
589812
118811879
-458766
62057475
-393237
4516779
-458770
-54268963
-65556
-110760778
-917518
-162664950
-262155
-213258259
-262150
-254873035
-1048597
-290065172
-1572875
-317786121
-1572856
-336266441
-1114107
-343146843
-1245173
-343342569
-1245174
-332003976
-524282
-310441794
-851963
-282522710
-983019
-244642217
-1441767
-200929115
-131054
-149417396
393248
-94628969
11
-37612486
327682
20124767
983072
77927386
1179658
133698273
720899
185078099
1638419
232329005
1441808
271060152
1179660
303368674
1114101
326698696
1441790
340919158
2228212
344522742
1572857
339475599
524270
324598076
1179628
301200906
1572858
267776829
720884
227471551
393190
180743844
1179626
128183588
-18
73067551
-393249
15395745
-917525
-44373058
-917533
-101520249
-1245203
-154473012
196595
-205000816
-1114115
-249237045
-1441797
-284756878
-851968
-313264261
-917506
-333251919
-851976
-343736823
-983037
-343670380
-1179644
-334363403
-327670
-315226071
-720875
-287044807
13
-249623062
589851
-207876018
-1114095
-157478366
131075
-103148692
-196575
-47246280
-262122
10818650
-131063
68097035
327694
125768467
1179666
177934739
327703
225120146
1048582
265162006
983047
298912324
1376263
324011808
1769473
339870673
1703932
345112679
1048576
341441790
1310704
327416221
1834996
303887997
720879
272757663
720883
232976661
327676
186969839
-65550
134737222
196587
79227970
-131075
21490622
-131088
-36508738
-131082
-94573477
-1376256
-148247152
-327700
-198381751
-1114143
-243601019
-196611
-280234980
-65537
-310380772
-1769464
-332400052
-524289
-342950469
-1114119
-344325857
-917496
-334953345
-1048559
-318765102
-851954
-290977058
-655359
-256242275
-589805
-212725753
-720887
-163704346
29
-110030016
-720877
-53275609
524306
4396140
983062
61477916
720905
119345961
524298
172298701
458765
220794848
786442
261557598
1048587
295504551
1769484
321128332
262147
338887759
2031621
344064219
1769478
341769569
1572872
330299931
589823
308213455
1048550
277607393
917503
238219607
1310714
192212773
720879
140897656
851954
85912669
65525
28371894
-196623
-30741569
-983060
-88478632
-1507337
-143921802
-1966073
-193990876
-851980
-239341251
-720909
-277220393
-1966085
-307759417
-393197
-330237434
-2031619
-342491809
-1638392
-344850229
-1900547
-336657347
-1179630
-319420523
-1179634
-293008740
-1310698
-258667150
-262128
-216395824
-1245169
-168619586
-458735
-115862727
19
-58911722
655373
-912277
131101
58725407
983054
114430801
458757
168366562
1376288
215683077
1376254
258018718
1441800
293276396
1835006
320276439
1310718
337052810
1114106
344785187
1703943
342556067
983033
331217461
1703910
309589768
1638383
279901228
327657
240972146
786421
195358531
720889
145157505
196587
90434658
-65556
31714237
-720914
-25367617
-65563
-83825613
-851991
-139137703
-720907
-190845167
-1179653
-236654320
-589852
-275450955
-983039
-306055536
-983039
-328861238
-1114099
-341115605
-1376247
-344719222
-917502
-338361345
-1114096
-322173109
-1310714
-295826816
-917501
-260895422
-655339
-218165329
-196584
-171241046
-720866
-119270626
-1048560
-62450683
-131046
-4058014
589848
53548081
786445
110760798
720909
164106762
1310730
212275221
917509
255987137
1179657
291638041
1376262
319096838
983049
336463029
1507329
344785243
983031
342228440
983023
331741813
1376242
311228231
1638380
280359999
917486
242741659
1310707
196276060
131064
146927000
131050
91417720
-262166
35253186
-458774
-24187978
-851988
-81531855
-196624
-136319667
-1507349
-189272358
-786436
-235212538
-1703935
-274795645
-851980
-305858948
-1769469
-328402529
-720892
-341771013
-1310708
-344457119
-327671
-338099226
-720884
-321779919
-1507313
-297596323
-131053
-262009559
-196603
-220459104
-786417
-173338214
720918
-119925990
-327664
-63499252
393235
-5368733
262165
52302896
524302
109515620
1179662
163123729
1179668
212275243
1048579
255266255
851971
292227869
851979
318572547
786433
336463025
1310732
344850785
1245176
342949345
983041
333118094
655356
311162705
1179632
282457163
-131096
244380064
196596
198897516
327655
148106667
-524319
92269679
131061
34073539
-917515
-23467095
-131089
-81269702
-524305
-135860925
-327707
-187502888
-458757
-233770748
-1769469
-273747075
-1048576
-305138082
-1769478
-329188961
-2097146
-340919047
-1245167
-344588181
-1179635
-338885664
-1048572
-322435276
-983039
-296416695
-589810
-264237793
-1114096
-221638769
-655347
-173796980
-196591
-120188138
262158
-63368182
131086
-6220689
131081
53482550
131084
109515636
262155
162861584
1441811
213127221
851984
254741975
1441803
290655006
1441804
318113817
1114109
336004311
2424838
345047400
1114105
343670247
655341
331414154
983042
311097165
720885
280687690
720887
242741676
720877
198504294
393203
148434347
-16
93121653
-65555
34859967
-458774
-23270474
-589849
-82711516
-917526
-136712894
-1179660
-189206810
-983047
-234884875
-720906
-274599025
-786419
-305793434
-1703935
-326764143
-262148
-340984568
-1310711
-344653708
-1114097
-338492447
-983020
-321321154
-1638386
-296678827
-524277
-261878464
-131051
-221376616
-196595
-173534821
-786417
-119467231
-196596
-64023557
262163
-6810516
524303
53613625
917521
111022954
1572877
165024278
917498
212733992
1048589
255069664
1114109
292424468
1114125
318769179
720896
337577153
1245182
345112909
1114111
343080421
786414
332266103
1310715
309589835
720891
281408576
786420
242807198
1310698
197586782
589814
147254681
262133
92007534
262127
34204610
-851985
-23663703
-393227
-82121677
-917516
-137433785
-131082
-190386452
-1114134
-235081451
-1900570
-274730083
-1179647
-305793388
-589828
-329451072
-1179641
-341770987
-720912
-343998327
-2228212
-338164737
-524274
-319944879
-917505
-295499155
-65523
-262075079
262161
-218624091
-262126
-170913351
-655350
-117632220
13
-61533173
131093
-2550678
1376269
54662181
1048596
112268111
131084
166531580
589839
215027730
327682
257297843
1376264
292817650
983035
320407515
1245182
336397464
589821
345440552
851974
342228397
589815
331348570
1507317
309524241
655359
279180307
720881
240578921
-262169
194375493
458734
143977861
131054
87813194
65512
31255484
-131085
-27726932
-524305
-86381505
-786438
-140776092
-655372
-192155901
-1376265
-237964989
-917514
-277089335
-1835014
-306972991
-1114111
-329713157
-1310723
-342295212
-917497
-344194876
-1703933
-337640389
-2097144
-320141429
-1572861
-294385002
-655355
-258536075
-1048565
-215609391
-917490
-168095281
327692
-113568956
-131053
-56749038
-655347
1184865
524300
60298260
983055
116331342
327693
169939420
458757
218370019
1179649
260312448
1507337
295373507
1572868
321456029
1179656
338166852
1179642
344654056
851966
342883698
2293754
329972232
131069
307164895
917479
275182551
1179628
237105488
327668
190246675
65520
138866040
65520
84077641
-21
24308662
-458777
-33690686
-1638410
-92083113
-1441804
-146477687
-393231
-197333178
-393232
-241962625
-1179647
-280235004
-1507329
-310446328
-458756
-331482559
-1572863
-341049943
-1441781
-343801553
-1179637
-335149942
-1507316
-316536875
-851951
-289993998
-1507302
-253948485
-589801
-210038769
-720869
-161148438
262170
-107343006
-196598
-50981850
131087
8066164
327701
66458628
983061
123081503
1900568
175378865
589829
223874991
1310740
264113460
1572873
298453614
655363
324273988
1179644
340001777
1900541
345178238
983059
341245198
1114094
326957491
1376256
303560302
1114091
271381393
655340
231731458
851948
184282855
655339
132115781
65523
76540974
-393240
18869174
-65552
-40309808
-917530
-98046870
-1310731
-152310348
-1572881
-203755662
-1441809
-248188485
-1376269
-284953484
-1179656
-312871062
-655365
-332662095
-2097163
-342557170
-1376250
-344063596
-983043
-333708038
-655346
-314439616
-393203
-286520496
-1310704
-248902146
-983021
-206040991
18
-155446751
-851955
-101248130
1376277
-44231609
-131041
14947421
720922
73929730
589828
129438457
524299
181539182
2359306
230362969
393228
271060188
524292
302123508
262145
326174415
2490370
340853622
1638394
345571334
131062
339541135
720887
324925738
1834991
299824659
327664
265876260
983031
225570995
-262153
177925791
851947
123923721
-589832
67562519
-524309
9890728
-393241
-48567328
-1179667
-104928106
-851983
-160109095
-917514
-209063999
-1245198
-253038064
-2031618
-289540917
-1441789
-316344349
-720898
-335283409
-1900544
-344785260
-1441797
-343408107
-1048567
-331741825
-655340
-310376259
-1114103
-280556610
-458730
-243790239
-1048559
-198111065
131086
-147451286
-851953
-92269667
-262122
-35187623
655375
24777824
-262129
81662922
1376272
138154683
917526
190386466
1376264
235409158
851984
275516539
1769477
306907512
917510
329123415
917514
342688504
1638390
345571200
1310720
337771534
2162675
320862376
720889
295105953
1572854
261354183
1179627
218689615
1048558
169799260
65529
116976866
-262157
59501556
-655383
2091946
-327686
-56300566
-65559
-114168635
-1441797
-167776726
-1310730
-216076263
-1114110
-258608519
-1310723
-293210809
-1507338
-320014251
-2228224
-336921685
-720895
-344588518
-327689
-340983144
-1441787
-329447933
-720875
-305919680
-458739
-275444701
-196596
-236908854
-458730
-189722380
-786417
-139062632
458773
-83487807
-327660
-26143655
34
34083941
131108
91165631
983065
146608788
983072
198054109
1179664
242552477
983047
281873398
1245204
311232776
65547
331613646
917497
343409238
1048575
345112283
786429
335608689
1179633
318371879
851953
289404174
983032
253620818
1441778
209317879
589815
160099848
1376237
106491057
196589
49474542
-589852
-9507936
-458759
-68555767
524289
-125113084
-1245196
-177934727
458743
-225251197
-458756
-266865924
-1310722
-299305508
-524297
-323618565
-1507326
-338166705
-1245182
-345178172
-1310716
-339999929
-1703931
-325581169
-524274
-301200951
-1245177
-269153093
-589804
-227340488
18
-180940471
131086
-128576796
-524275
-71494680
131085
-15002513
393233
44373050
589841
101979019
655368
157291078
524294
206311540
1179660
251203112
983044
287181686
262141
315754594
1572863
335283486
917502
345833897
1114113
344653370
589812
332921556
393199
313063295
1376249
283767946
458732
246739411
458736
200863618
-24
149482948
196583
95874173
327659
38071244
-786446
-20845643
393195
-80679897
-16
-134353612
-720923
-187044131
-1376265
-235015943
-786435
-274271348
-1310715
-305858963
-720905
-327616087
-1507329
-341050110
-786420
-344784764
-1441794
-337443852
-655346
-320272573
-589821
-295433620
-655330
-260764355
-983032
-218230836
-917485
-170520143
-327649
-116387032
-393199
-59370473
131086
-2223004
196630
58070063
851983
114430803
851988
168563178
393239
216993789
1441809
258936212
1310729
294521548
1703937
321259456
1310714
338363471
1310730
345243886
1441772
342687091
1179631
330103294
65521
306050773
1900511
276034526
786411
236187965
1310688
189525787
196580
138079584
262132
82308151
393199
23915447
-720922
-34608207
262119
-93197214
-786449
-148378229
65525
-198578344
-851979
-244584054
-1638417
-281086931
-1114118
-311429355
-983035
-331875728
-1638398
-342032941
-2293756
-343015091
-851966
-335084345
-1114096
-316078057
-720866
-287372517
-983025
-251589160
-1441783
-208072642
262168
-157478395
-458740
-103214231
786455
-46918610
-131053
13964386
524313
72356864
589847
128586502
786459
180687243
196621
227938153
917509
268897522
1638424
300878344
1048582
326567655
1048586
340919188
1441798
344915984
983034
340262030
1179648
324204859
1376248
299234822
786410
266400550
851956
225046698
983029
177467040
-31
124972295
-458771
66776090
-589834
8907686
-851989
-49812520
-524302
-107680607
-589839
-160961039
-655372
-211488810
-589820
-254610903
-1245189
-290654996
-2031617
-317261818
-917499
-335676596
-1638407
-343867721
-2097151
-343080400
-1507322
-330496603
-393204
-309851926
-1376250
-278328342
-393203
-239661414
-327655
-194899775
-327659
-142994817
-458731
-88009795
917530
-30010263
-786404
29758563
-65512
87888857
786456
143528607
-196588
194515186
327697
240193211
524305
279055398
1441808
309594424
786438
331023872
983049
343081618
1507326
345505548
-65546
337836949
1114111
317913160
1245172
290714926
524280
255193697
131059
211152913
-393230
161672733
-2
108129461
458732
50195426
-720913
-7935063
-524298
-66589702
-1048583
-122491679
-1114131
-176492944
-262169
-224595851
-1179656
-265948446
-720896
-299174459
-2424830
-324077320
-1179644
-339870640
-1376252
-344719422
-1376241
-341310665
-1572862
-326039903
-720886
-300545583
-655336
-268432209
-786401
-227602629
-131061
-180154022
-917487
-127266056
524312
-71101441
-65519
-11660205
458776
47584312
1310747
105190271
655373
157880890
65531
209064029
786445
252382738
1441801
289868620
1572876
316737605
1245192
335611123
2097151
344588666
2031609
343342592
1245182
331676310
589817
312276813
983033
281670719
-65550
242741668
655346
197390180
327667
145681821
-589845
89713767
393200
31452085
-65549
-27399238
-327705
-86184890
-917525
-140645027
-1114127
-191631607
-196604
-238554827
-1572868
-277089337
-1048573
-307169594
-655378
-329188864
-917499
-342033043
-1835001
-344325907
-1638395
-336591779
-655350
-319486027
-1376241
-291632440
-458737
-256111196
-1310695
-212660232
655386
-161869321
-655337
-108653742
393241
-51309511
131091
8197213
262161
66589710
917525
123343642
655394
176820636
851974
224399253
1310730
266472745
655369
300091968
1114129
323553056
1835006
341115840
851978
345309255
1966073
339672271
655338
326039902
1245171
301200928
720884
267383628
917490
228454591
655346
179236531
655346
125889824
131070
69921819
131052
10087330
-589841
-47584292
-327692
-105911149
-131083
-160764440
-655362
-210047029
-1114099
-253300198
-1376263
-289344279
-1114118
-317982736
-1638394
-335545531
-1376252
-343605576
-1245174
-342752718
-851966
-331086426
-851967
-309393188
-917489
-278721571
-458731
-240841059
-589812
-193982283
65567
-143519102
25
-87944267
655372
-29748140
-458736
29824092
458782
87888845
1048598
144249508
1048594
195170558
2162698
241372871
851977
280824862
983046
309922073
917512
330761698
589828
343147131
917503
345112300
1245197
335936381
1048561
317978661
327678
290256149
262124
252768831
917497
209842153
262131
160165389
-131087
104328361
720874
45411294
-327703
-10687589
-983053
-71242747
-1310729
-127341305
-327680
-180818283
-720902
-228265806
-720904
-269552860
-786427
-301533681
-786434
-325846734
-1703928
-339805020
-1966076
-344915956
-1572855
-339344506
-1114098
-323221763
-1507313
-297661922
-786414
-263910132
-1048548
-222621821
-1114082
-174190186
-851948
-120057073
-786421
-63564789
65555
-3795857
589842
53875746
262160
112005979
524311
165548535
524304
215748626
983059
257428909
1179648
293931735
1572871
320997324
1769472
337708149
1441785
344785139
1114113
341900657
1245181
328923663
1769468
306378437
1900530
274002899
655342
235729210
458731
188477186
458749
135785816
851941
80276541
-65560
21294005
-524295
-37950519
-720917
-96015259
-196627
-150278755
-1048580
-201592961
-655374
-246681176
-2228230
-283446178
-1376256
-312477862
-1310710
-332858713
-1310728
-343146972
-917489
-342752849
-1114092
-333839071
-1769445
-314308504
-1114106
-283374737
-262115
-245887431
-131060
-202239875
-262121
-149876154
65548
-95612003
-196587
-36891585
-327644
21369958
458763
80745452
1245200
136778446
196621
188420407
1441801
235540243
786437
275778682
524304
307497344
1245196
328926801
393210
341967587
1179647
346161001
655375
337312747
1638389
321583235
720878
293008735
1179626
257225374
262130
214822955
458742
165539384
458721
111144122
-393222
54062064
327661
-5510248
196585
-64820253
-1245198
-122622740
-720911
-174592398
-1114124
-224137115
-1769474
-265751850
-589830
-298453561
-1179656
-324470570
-655345
-339346354
-1900536
-344260674
-1114095
-339672251
-327665
-324991317
-589803
-300545573
-983026
-267383597
-1048546
-226554030
458765
-177270425
-262107
-124382482
-720869
-69004288
131090
-9825176
458774
49353797
393242
106894189
983054
162533914
1048592
212406325
917523
255004120
786428
291638037
1507341
319555588
2031621
336200874
1048566
345178415
786435
343604657
458739
330299983
720888
306771700
1114103
276820987
1376248
237433171
524288
191033117
196594
138210673
196597
83225661
-1048589
23849896
196593
-33756222
-1441809
-93852592
-1048587
-148640371
-1310734
-199757981
-1441799
-244780669
-327684
-282594226
-1507322
-312805577
-917508
-332531053
-1245172
-342295023
-851955
-342949508
-1638397
-333183745
-1638385
-313522104
-851946
-284882091
-393200
-246936037
-393203
-202108827
-983018
-152038844
-327653
-96857209
-393202
-37678012
983068
21566567
851994
79762406
65538
136516305
852002
188485945
655373
234688271
786442
274926722
1638405
307366274
1900542
328795724
786420
341574373
1507327
346029894
917498
336919525
1114108
320338049
851955
292812110
851960
258077320
1310690
214954013
458735
164621865
524274
110357696
65515
52947945
262132
-7476313
-720912
-66589703
-9
-123081493
-131088
-176624026
-1114109
-224137081
-1769480
-266734869
-1179656
-299829810
-655367
-324011764
-1376250
-340657046
-1310714
-344260628
-917499
-339344522
-1703913
-324401456
-1114102
-299234793
-1507309
-265483032
-131058
-222949528
-524270
-175894131
-458743
-122023157
16
-64875513
524309
-4909970
393238
53810222
655379
111940441
196622
166531594
1048583
215420932
1310725
258739625
589839
293866196
1441796
320800695
786435
338035805
1179649
345440483
720894
341638496
983037
328595950
983020
304805549
720891
272364450
327673
232386835
655342
185396966
196593
133623111
-196627
77261866
-655382
17361834
-131089
-41817141
-262161
-100406150
-31
-156308042
-524306
-206245998
-1703954
-249892369
-1048586
-287247198
-851986
-316475483
-262145
-334955759
-1245184
-343409025
-917495
-343145994
-983033
-331741832
-1114099
-310507330
-1245175
-279508025
-1507315
-241168768
-131057
-195489597
393240
-143781247
-262128
-88206417
25
-29354918
131091
30938205
-262135
88413128
458768
144511645
655358
197791959
458769
242486947
917510
279841780
327693
311888125
1966087
332334517
2162695
343933502
327667
344325815
1310713
335280962
1179635
315553775
983019
287175894
1507311
250343947
589816
204009401
655344
