0.338185
0.329086
0.317632
0.306598
0.293006
0.278266
0.255692
0.222558
0.186679
0.162846
0.145992
0.134994
0.127746
0.123244
0.116196
0.108160
0.099350
0.085710
0.078539
0.075239
0.070187
0.059363
0.052971
0.047034
0.041259
0.039032
0.037037
0.035523
0.033894
0.032208
0.027117
0.023296
0.022201
0.021015
0.018342
0.015520
0.013923
0.014225
0.014566
0.016258
0.016726
0.017057
0.017652
0.018453
0.018590
0.019570
0.020719
0.021094
0.021409
0.021686
0.022259
0.022297
0.022236
0.022345
0.022889
0.022847
0.023363
0.023108
0.022835
0.023274
0.023232
0.023296
0.022761
0.023067
0.023048
0.023105
0.022924
0.022612
0.022975
0.023474
0.023353
0.023395
0.023477
0.023318
0.023041
0.023121
0.023054
0.023255
0.023710
0.023073
0.023245
0.023191
0.023385
0.023620
0.023360
0.023423
0.023270
0.023280
0.023111
0.023045
0.023181
0.023449
0.023496
0.023375
0.023465
0.023493
0.023614
0.023595
0.023433
0.023538
0.023353
