0.041744
0.038861
0.037535
0.034018
0.026464
0.016836
0.000000
0.000000
0.000000
0.000000
0.000000
0.000000
0.000000
0.000000
0.000000
0.000000
0.000000
0.000000
0.000000
0.000000
0.000000
0.000000
0.000000
0.000000
0.000000
0.000000
0.000000
0.000000
0.000000
0.000000
0.000000
0.000000
0.000000
0.000000
0.000000
0.000000
0.000000
0.000000
0.000000
0.000000
0.000000
0.000000
0.000000
0.000000
0.000000
0.000000
0.000000
0.000000
0.000000
0.000000
0.000000
0.045455
0.044931
0.043361
0.042090
0.037941
0.038801
0.033530
0.024447
0.000972
0.000000
0.000000
0.000000
0.000000
0.000000
0.000000
0.000000
0.000000
0.000000
0.000000
0.000000
0.000000
0.000000
0.000000
0.000000
0.000000
0.000000
0.000000
0.000000
0.000000
0.000000
0.000000
0.000000
0.000000
0.000000
0.000000
0.000000
0.000000
0.000000
0.000000
0.000000
0.000000
0.000000
0.000000
0.000000
0.000000
0.000000
0.000000
0.000000
0.000000
0.000000
0.000000
0.048171
0.046319
0.047014
0.045255
0.043079
0.042199
0.040255
0.039537
0.034792
0.031551
0.027106
0.015787
0.000000
0.000000
0.000000
0.000000
0.000000
0.000000
0.000000
0.000000
0.000000
0.000000
0.000000
0.000000
0.000000
0.000000
0.000000
0.000000
0.000000
0.000000
0.000000
0.000000
0.000000
0.000000
0.000000
0.000000
0.000000
0.000000
0.000000
0.000000
0.000000
0.000000
0.000000
0.000000
0.000000
0.000000
0.000000
0.000000
0.000000
0.000000
0.000000
0.050046
0.050365
0.049612
0.048294
0.046658
0.046426
0.044674
0.044196
0.042589
0.039548
0.038447
0.035869
0.032133
0.025689
0.011252
0.000000
0.000000
0.000000
0.000000
0.000000
0.000000
0.000000
0.000000
0.000000
0.000000
0.000000
0.000000
0.000000
0.000000
0.000000
0.000000
0.000000
0.000000
0.000000
0.000000
0.000000
0.000000
0.000000
0.000000
0.000000
0.000000
0.000000
0.000000
0.000000
0.000000
0.000000
0.000000
0.000000
0.000000
0.000000
0.000000
0.080883
0.077063
0.064583
0.052956
0.048552
0.049732
0.048472
0.047024
0.046647
0.045427
0.042798
0.042927
0.040665
0.039048
0.036329
0.033532
0.029692
0.020933
0.007758
0.000020
0.000000
0.000000
0.000000
0.000000
0.000000
0.000000
0.000000
0.000000
0.000000
0.000000
0.000000
0.000000
0.000000
0.000000
0.000000
0.000000
0.000000
0.000000
0.000000
0.000000
0.000000
0.000000
0.000000
0.000000
0.000000
0.000000
0.000000
0.000000
0.000000
0.000000
0.000000
0.080255
0.078206
0.075855
0.071603
0.068734
0.065162
0.059143
0.048591
0.042556
0.040560
0.039732
0.038186
0.036996
0.034689
0.033291
0.031280
0.029239
0.027412
0.025142
0.022147
0.019773
0.010279
0.005849
0.004400
0.001716
0.000000
0.000000
0.000000
0.000000
0.000000
0.000000
0.000000
0.000000
0.000000
0.000000
0.000000
0.000015
0.000037
0.000096
0.000214
0.000222
0.000229
0.000192
0.000170
0.000207
0.000784
0.000666
0.000414
0.001072
0.000377
0.000621
0.122804
0.101315
0.097748
0.095016
0.091937
0.088416
0.085537
0.079061
0.071402
0.053475
0.050996
0.049907
0.048841
0.046569
0.045762
0.044049
0.041941
0.040234
0.038044
0.035960
0.032157
0.026676
0.012681
0.006871
0.005722
0.003344
0.000936
0.000000
0.000000
0.000000
0.000000
0.000000
0.000000
0.000000
0.000000
0.000000
0.000000
0.000000
0.000000
0.000000
0.000041
0.000053
0.000312
0.000559
0.000642
0.001207
0.001978
0.001666
0.002243
0.002914
0.002161
0.136394
0.126852
0.122245
0.115667
0.105199
0.091353
0.088629
0.085166
0.081847
0.078960
0.075551
0.070676
0.059309
0.050393
0.044828
0.043243
0.042109
0.040429
0.038223
0.036579
0.034287
0.032839
0.030537
0.027019
0.018335
0.010877
0.010518
0.009474
0.006537
0.004925
0.004349
0.004244
0.004322
0.004535
0.004898
0.004630
0.004889
0.005003
0.004953
0.005266
0.005320
0.005252
0.005234
0.005979
0.005602
0.005511
0.006283
0.005697
0.006251
0.006187
0.007349
0.173131
0.150355
0.139618
0.132141
0.116834
0.112873
0.107649
0.103223
0.097830
0.084728
0.076930
0.074493
0.071118
0.066912
0.063139
0.058370
0.050214
0.041135
0.037019
0.034521
0.032218
0.030196
0.028430
0.026337
0.024817
0.022788
0.020683
0.015087
0.010264
0.008206
0.007549
0.006928
0.007332
0.006917
0.006989
0.006946
0.007040
0.007116
0.007686
0.008188
0.008116
0.008379
0.008383
0.009029
0.009072
0.009130
0.009545
0.009495
0.009130
0.009199
0.009210
0.297763
0.279554
0.258110
0.218667
0.180395
0.159778
0.146689
0.132779
0.128847
0.122528
0.117453
0.112795
0.103250
0.090400
0.082337
0.078558
0.075510
0.070165
0.061918
0.053296
0.046967
0.040948
0.039894
0.038250
0.036904
0.034530
0.032644
0.029421
0.024705
0.022361
0.020903
0.017003
0.012972
0.012937
0.011985
0.012176
0.011902
0.011823
0.011988
0.012695
0.013907
0.014849
0.016055
0.016379
0.017470
0.017143
0.017439
0.017747
0.018355
0.018053
0.018253
0.303607
0.292635
0.282081
0.270772
0.256742
0.241593
0.219477
0.190321
0.164155
0.142173
0.131292
0.124705
0.115529
0.110340
0.106363
0.100455
0.089557
0.081795
0.074034
0.067964
0.064069
0.055463
0.047523
0.043252
0.040936
0.039665
0.037135
0.034594
0.032541
0.031360
0.028257
0.025635
0.023570
0.021117
0.019593
0.019387
0.019138
0.019206
0.019018
0.019376
0.019429
0.020082
0.019996
0.020589
0.020689
0.020582
0.020853
0.020754
0.021117
0.021170
0.021847
0.298328
0.287964
0.278355
0.267824
0.257896
0.247823
0.237041
0.226751
0.215570
0.204734
0.188030
0.164126
0.144493
0.131193
0.117658
0.107528
0.098788
0.092248
0.085420
0.078392
0.071974
0.064955
0.060444
0.055447
0.049036
0.044238
0.039575
0.036665
0.034813
0.033026
0.032047
0.030645
0.029209
0.027818
0.026325
0.026160
0.024287
0.023278
0.022965
0.022359
0.022039
0.022188
0.022517
0.023390
0.023327
0.023830
0.024393
0.025190
0.025341
0.025922
0.026272
0.294654
0.284466
0.274805
0.264769
0.255901
0.246615
0.237295
0.228374
0.219370
0.209508
0.201436
0.192378
0.181935
0.172184
0.158318
0.141500
0.126292
0.112775
0.100058
0.089861
0.081942
0.076608
0.070434
0.064360
0.057670
0.053974
0.049279
0.044733
0.040440
0.037604
0.036074
0.034951
0.033183
0.032137
0.031730
0.031023
0.030453
0.030127
0.029643
0.028946
0.029015
0.028378
0.028603
0.028534
0.029378
0.029457
0.029584
0.029993
0.030386
0.030803
0.030939
0.291614
0.281466
0.271521
0.262131
0.252961
0.243473
0.234368
0.225140
0.217536
0.209040
0.201037
0.193773
0.185561
0.177421
0.170232
0.162265
0.153074
0.144367
0.134637
0.123662
0.113061
0.100858
0.090830
0.081019
0.073322
0.068263
0.062702
0.058326
0.053611
0.050196
0.047264
0.044371
0.040791
0.039573
0.038833
0.038310
0.037750
0.037119
0.037457
0.037385
0.037019
0.036847
0.036584
0.036401
0.036059
0.036433
0.036577
0.036643
0.037075
0.037584
0.037338
0.287115
0.276910
0.266887
0.257207
0.247941
0.238486
0.229546
0.220254
0.211803
0.203580
0.195082
0.187659
0.179396
0.171653
0.163960
0.156878
0.149068
0.141672
0.134158
0.127134
0.120163
0.113577
0.107593
0.100724
0.094525
0.088308
0.080959
0.075363
0.070624
0.065759
0.061407
0.056994
0.053797
0.051068
0.048879
0.047463
0.046076
0.045018
0.044632
0.043586
0.043795
0.043766
0.043315
0.043370
0.044122
0.043397
0.044161
0.044036
0.047790
0.048157
0.048796
