0.106377
0.091328
0.084410
0.071437
0.047798
0.047567
0.044165
0.045491
0.038572
0.038976
0.032057
0.026234
0.001730
0.000000
0.000000
0.000000
0.000000
0.000000
0.000000
0.000000
0.000000
0.000000
0.000000
0.000000
0.000000
0.000000
0.000000
0.000000
0.000000
0.000000
0.000000
0.000000
0.000000
0.000000
0.000000
0.000000
0.000000
0.000000
0.000000
0.000000
0.000000
0.000000
0.000000
0.000000
0.000000
0.000000
0.000000
0.000000
0.000000
0.000000
0.000000
0.147428
0.135354
0.129448
0.096778
0.093077
0.087208
0.074686
0.052108
0.048445
0.044445
0.042539
0.039997
0.038577
0.031998
0.012261
0.000000
0.000000
0.000000
0.000000
0.000000
0.000000
0.000000
0.000000
0.000000
0.000000
0.000000
0.000000
0.000000
0.000000
0.000000
0.000000
0.000000
0.000000
0.000000
0.000000
0.000000
0.000000
0.000000
0.000000
0.000000
0.000000
0.000000
0.000000
0.000000
0.000000
0.000000
0.000000
0.000000
0.000000
0.000000
0.000000
0.242523
0.201852
0.155764
0.137153
0.121227
0.098611
0.086736
0.079329
0.056157
0.047616
0.046597
0.044213
0.043241
0.039769
0.037153
0.030532
0.024236
0.008218
0.000000
0.000000
0.000000
0.000000
0.000000
0.000000
0.000000
0.000000
0.000000
0.000000
0.000000
0.000000
0.000000
0.000000
0.000000
0.000000
0.000000
0.000000
0.000000
0.000000
0.000000
0.000000
0.000000
0.000000
0.000000
0.000000
0.000000
0.000000
0.000000
0.000000
0.000000
0.000000
0.000000
0.357464
0.328675
0.267160
0.218663
0.180288
0.138149
0.127650
0.111011
0.089739
0.087856
0.076547
0.061327
0.048367
0.046687
0.043327
0.041734
0.035855
0.032249
0.023532
0.010310
0.000000
0.000000
0.000000
0.000000
0.000000
0.000000
0.000000
0.000000
0.000000
0.000000
0.000000
0.000000
0.000000
0.000000
0.000000
0.000000
0.000000
0.000000
0.000000
0.000000
0.000000
0.000000
0.000000
0.000000
0.000000
0.000000
0.000000
0.000000
0.000000
0.000000
0.000000
0.369732
0.356399
0.337500
0.321369
0.291528
0.244147
0.202520
0.168988
0.126627
0.117748
0.107312
0.083998
0.074345
0.067857
0.045784
0.041200
0.039772
0.037242
0.035437
0.031766
0.026915
0.023492
0.015040
0.001915
0.000000
0.000000
0.000000
0.000000
0.000000
0.000000
0.000000
0.000000
0.000000
0.000000
0.000000
0.000000
0.000000
0.000000
0.000000
0.000000
0.000000
0.000000
0.000000
0.000000
0.000000
0.000000
0.000000
0.000000
0.000000
0.000000
0.000000
0.347684
0.334477
0.323171
0.311931
0.296705
0.282537
0.266705
0.245452
0.220991
0.184269
0.144847
0.114329
0.096242
0.088833
0.076646
0.061487
0.053027
0.043473
0.033343
0.028958
0.026399
0.024624
0.022835
0.019359
0.015462
0.010885
0.004156
0.000547
0.000000
0.000000
0.000000
0.000000
0.000000
0.000000
0.000000
0.000000
0.000000
0.000000
0.000000
0.000000
0.000000
0.000000
0.000000
0.000000
0.000000
0.000000
0.000000
0.000000
0.000000
0.000000
0.000000
0.425019
0.414463
0.404931
0.391102
0.381876
0.368606
0.356149
0.332941
0.297946
0.240186
0.194588
0.160642
0.128250
0.115639
0.096829
0.083541
0.074952
0.063259
0.046204
0.044538
0.041983
0.039439
0.037196
0.033364
0.029219
0.021083
0.002119
0.000000
0.000000
0.000000
0.000000
0.000000
0.000000
0.000000
0.000000
0.000000
0.000000
0.000000
0.000000
0.000000
0.000000
0.000000
0.000000
0.000000
0.000000
0.000000
0.000000
0.000000
0.000000
0.000000
0.000000
0.412029
0.404643
0.394275
0.385264
0.373806
0.363638
0.346732
0.335597
0.319159
0.302018
0.279965
0.247422
0.196130
0.160404
0.125286
0.105176
0.092947
0.077054
0.068188
0.060031
0.044723
0.037923
0.036348
0.034142
0.031409
0.029516
0.025666
0.020727
0.012593
0.002942
0.000422
0.000000
0.000000
0.000000
0.000000
0.000000
0.000000
0.000000
0.000000
0.000000
0.000000
0.000000
0.000000
0.000000
0.000000
0.000000
0.000000
0.000000
0.000000
0.000000
0.000000
0.400593
0.389657
0.377780
0.366263
0.356566
0.343266
0.333511
0.318886
0.306399
0.293142
0.279275
0.264426
0.245115
0.223414
0.202331
0.164860
0.128776
0.103310
0.079547
0.071370
0.060865
0.049301
0.042658
0.033997
0.028463
0.026611
0.025275
0.022882
0.020271
0.018257
0.014105
0.009545
0.002303
0.000011
0.000000
0.000000
0.000000
0.000000
0.000000
0.000000
0.000000
0.000000
0.000000
0.000000
0.000000
0.000000
0.000000
0.000000
0.000000
0.000000
0.000000
0.432486
0.427252
0.417503
0.409683
0.400927
0.391093
0.382251
0.370982
0.358936
0.348017
0.334771
0.321749
0.304164
0.287238
0.264540
0.231422
0.192419
0.157752
0.128758
0.106534
0.094498
0.081892
0.069045
0.061552
0.049522
0.038778
0.037066
0.034737
0.032332
0.029150
0.025383
0.018749
0.010773
0.003054
0.000000
0.000000
0.000000
0.000000
0.000000
0.000000
0.000000
0.000000
0.000000
0.000000
0.000000
0.000000
0.000000
0.000000
0.000000
0.000000
0.000000
0.422902
0.415329
0.405599
0.396883
0.386970
0.376325
0.365359
0.354745
0.343980
0.331667
0.319882
0.306537
0.293605
0.278325
0.264506
0.246439
0.227855
0.203985
0.170686
0.143558
0.116407
0.096286
0.082959
0.072426
0.063540
0.053612
0.044394
0.033752
0.031185
0.029193
0.027109
0.024654
0.021337
0.016948
0.009842
0.006240
0.000481
0.000000
0.000000
0.000000
0.000000
0.000000
0.000000
0.000000
0.000000
0.000000
0.000000
0.000000
0.000000
0.000000
0.000000
0.418434
0.409777
0.400005
0.389748
0.379313
0.368517
0.356744
0.344264
0.332894
0.319835
0.305550
0.293483
0.280662
0.267603
0.253556
0.238548
0.223648
0.207636
0.191277
0.171532
0.149972
0.124194
0.102365
0.082930
0.070389
0.061376
0.052430
0.044389
0.037966
0.031050
0.025809
0.023510
0.021467
0.019037
0.016455
0.013364
0.008822
0.003263
0.000401
0.000004
0.000000
0.000000
0.000000
0.000000
0.000000
0.000000
0.000000
0.000000
0.000000
0.000000
0.000000
0.410867
0.401284
0.391084
0.380304
0.369012
0.357079
0.344727
0.331805
0.318557
0.305854
0.292053
0.277514
0.265283
0.250221
0.237717
0.224127
0.211163
0.196456
0.183697
0.169982
0.156018
0.140080
0.124315
0.107467
0.090790
0.075618
0.061122
0.051840
0.044619
0.037848
0.032035
0.026620
0.020866
0.018307
0.016679
0.014807
0.012765
0.010845
0.007894
0.004581
0.000826
0.000006
0.000000
0.000000
0.000000
0.000000
0.000000
0.000000
0.000000
0.000000
0.000000
0.407102
0.397337
0.386800
0.375701
0.363680
0.350912
0.339042
0.324628
0.310142
0.296795
0.282640
0.267968
0.254247
0.239821
0.226096
0.212258
0.198793
0.185886
0.173630
0.161599
0.150332
0.137946
0.126906
0.115672
0.103842
0.092203
0.079994
0.068864
0.057555
0.046597
0.038290
0.032652
0.027025
0.022458
0.018932
0.015258
0.013277
0.011644
0.010220
0.009018
0.007308
0.005113
0.002786
0.000219
0.000010
0.000000
0.000000
0.000000
0.000000
0.000000
0.000000
0.403005
0.392435
0.380851
0.368939
0.357297
0.343872
0.330492
0.316552
0.302423
0.287714
0.273151
0.258543
0.243961
0.229415
0.215147
0.201113
0.187706
0.174617
0.161886
0.150120
0.138622
0.127689
0.117909
0.109175
0.099986
0.091888
0.084445
0.076993
0.069827
0.062670
0.054573
0.049189
0.042932
0.043084
0.035482
0.033843
0.030584
0.025585
0.025963
0.023176
0.019997
0.014567
0.009503
0.006580
0.005587
0.004240
0.002175
0.000375
0.000000
0.000000
0.000000
