-1423
-4995
5
9
-794
-5110
13
26
-126
-5183
-8
9
549
-5159
5
9
1195
-5064
-5
21
1838
-4874
18
9
2445
-4601
-4
11
3019
-4250
-8
26
3544
-3857
0
23
3998
-3369
-7
23
4391
-2851
0
27
4714
-2304
-16
20
4965
-1678
-11
8
5151
-1045
1
17
5241
-394
-16
9
5253
260
-13
17
5186
917
-19
5
4997
1554
-27
5
4766
2170
-19
0
4463
2752
-15
3
4063
3270
-12
1
3601
3756
-12
12
3102
4196
-17
-11
2529
4549
-15
-4
1942
4826
-19
-9
1323
5033
-9
0
661
5155
-23
-10
-7
5193
9
-16
-674
5171
-10
-24
-1325
5035
5
-35
-1961
4827
-6
-11
-2550
4545
-3
-16
-3118
4192
-3
-20
-3627
3780
-8
-27
-4081
3299
-4
-11
-4466
2759
23
-24
-4785
2174
5
-21
-5018
1560
20
-19
-5182
924
7
-8
-5233
251
5
-3
-5242
-390
28
-5
-5134
-1041
24
-10
-4965
-1679
16
10
-4701
-2291
5
10
-4377
-2850
18
-6
-3972
-3390
18
8
-3501
-3863
12
0
-2978
-4277
8
4
-2395
-4620
17
22
-1793
-4865
10
15
-1145
-5061
9
17
-504
-5161
14
9
181
-5193
13
19
826
-5120
9
32
1483
-4984
8
19
2108
-4760
8
22
2704
-4453
-2
24
3256
-4091
-6
12
3744
-3640
0
29
4184
-3157
-15
20
4552
-2591
-15
21
4838
-2012
-14
30
5077
-1379
-21
9
5199
-751
-15
30
5262
-87
-25
5
5221
576
-24
4
5107
1233
-12
6
4901
1877
-20
0
4638
2472
-23
13
4260
3021
-23
4
3839
3541
-6
-4
3375
3995
-9
1
2822
4367
-17
-5
2247
4707
-16
-3
1631
4938
-13
-18
985
5107
0
3
306
5193
-19
-15
-350
5182
5
-13
-1012
5101
-2
-23
-1651
4947
2
-24
-2280
4687
-7
-12
-2884
4371
-17
-11
-3381
3976
2
-29
-3877
3518
0
-17
-4295
3006
-3
-13
-4646
2436
19
-28
-4921
1832
18
-3
-5118
1203
1
-19
-5231
562
22
-10
-5236
-113
11
1
-5185
-761
13
-9
-5047
-1399
5
1
-4816
-2033
22
-2
-4531
-2612
20
-7
-4153
-3163
11
7
-3710
-3652
23
17
-3190
-4099
7
5
-2647
-4465
19
18
-2070
-4780
10
13
-1422
-4991
18
25
-764
-5128
18
12
-109
-5188
11
13
551
-5158
-2
5
1226
-5053
14
18
1852
-4863
0
20
2473
-4589
3
14
3035
-4241
-6
20
3556
-3832
-10
29
4012
-3350
8
22
4408
-2834
-21
27
4744
-2253
-13
15
4991
-1635
-15
14
5168
-1000
-12
23
5255
-341
-16
18
5234
320
-12
8
5170
981
-16
15
4986
1619
-13
14
4741
2241
-23
17
4414
2823
-22
1
4002
3341
-26
3
3557
3825
-26
2
3042
4257
-18
3
2458
4585
-18
-1
1848
4858
-16
-6
1226
5047
-9
1
560
5171
-3
-14
-107
5200
-15
-21
-782
5151
-9
-16
-1446
5009
-4
-26
-2081
4785
-1
-15
-2654
4501
-2
-21
-3212
4132
1
-15
-3725
3695
-1
-12
-4161
3195
0
-23
-4543
2656
2
-14
-4837
2047
-3
-15
-5060
1427
14
-4
-5192
781
19
-10
-5256
120
2
-12
-5222
-534
20
-19
-5100
-1202
13
-5
-4908
-1833
17
-6
-4624
-2422
25
-11
-4292
-3005
14
-4
-3859
-3505
32
4
-3364
-3960
14
4
-2818
-4363
18
4
-2242
-4692
24
19
-1617
-4943
16
2
-969
-5104
13
15
-306
-5191
8
7
358
-5190
16
21
1022
-5095
11
26
1664
-4927
-2
38
2285
-4679
-4
11
2870
-4357
-3
25
3405
-3961
-7
26
3906
-3488
-5
11
4305
-2990
-1
21
4657
-2413
-12
22
4912
-1806
-7
25
5118
-1178
-14
9
5227
-517
-10
9
5255
144
-16
10
5177
795
-6
11
5046
1459
-12
1
4810
2080
-23
7
4502
2670
-13
14
4129
3231
-22
-5
3682
3717
-12
17
3152
4147
-31
2
2609
4513
-13
-28
2014
4805
-5
-6
1377
5026
-13
-6
708
5159
-17
-19
46
5198
-6
-8
-631
5165
-19
-7
-1308
5040
-1
-21
-1928
4841
-14
-10
-2541
4574
2
-14
-3103
4190
8
-16
-3615
3783
-4
-20
-4072
3298
7
-10
-4449
2763
3
-8
-4782
2171
5
-19
-5017
1551
-17
-5
-5175
909
7
-9
-5243
254
5
-4
-5228
-404
16
-15
-5144
-1095
25
-15
-4948
-1709
30
-2
-4680
-2324
31
3
-4353
-2897
19
-11
-3949
-3407
0
0
-3460
-3902
29
16
-2934
-4307
13
3
-2339
-4629
21
-3
-1719
-4890
25
17
-1090
-5072
11
25
-414
-5174
5
7
253
-5205
6
12
916
-5113
15
20
1557
-4963
2
20
2180
-4731
10
20
2784
-4412
-4
21
3330
-4022
-3
18
3824
-3580
-9
15
4257
-3067
-13
19
4614
-2494
-10
18
4885
-1893
-14
22
5092
-1270
-21
7
5226
-622
-14
14
5254
46
-21
2
5208
718
-21
10
5052
1358
-2
1
4845
1986
-13
13
4545
2587
-5
7
4177
3146
-21
2
3742
3666
-22
8
3225
4103
-8
1
2685
4470
-29
-1
2072
4767
-25
-4
1452
5007
-9
-4
799
5160
-7
-10
123
5197
-10
-17
-538
5179
-12
-11
-1211
5066
-15
-4
-1861
4886
2
-21
-2471
4592
2
-19
-3048
4256
-4
-7
-3571
3831
0
-9
-4033
3358
0
-22
-4435
2819
-7
-5
-4751
2243
14
-19
-4993
1624
-6
-11
-5161
980
8
-20
-5235
314
11
-12
-5246
-359
17
2
-5141
-1007
14
-25
-4958
-1659
20
-2
-4711
-2263
26
0
-4377
-2849
25
10
-3970
-3387
21
4
-3503
-3843
21
2
-2984
-4249
21
10
-2411
-4619
24
6
-1770
-4874
30
10
-1128
-5061
11
22
-461
-5174
12
16
209
-5182
6
13
896
-5123
2
32
1533
-4974
-5
12
2159
-4735
14
21
2759
-4409
12
21
3329
-4047
-4
3
3806
-3599
8
27
4236
-3079
3
20
4621
-2522
1
12
4898
-1905
-14
21
5089
-1279
-19
14
5217
-623
-19
18
5254
35
-22
23
5209
695
-13
9
5068
1348
-15
3
4852
1992
-19
7
4551
2575
-22
1
4177
3145
-26
-2
3743
3654
-30
-3
3243
4091
-26
-6
2674
4474
-19
12
2075
4772
-17
-18
1438
5000
-21
-3
791
5135
-12
0
118
5207
-3
-13
-555
5195
3
-13
-1216
5062
-14
-3
-1866
4861
-6
-23
-2472
4601
5
-24
-3047
4249
-17
-14
-3578
3825
-5
-11
-4024
3348
2
-8
-4432
2793
1
-27
-4759
2233
3
0
-4984
1604
3
-13
-5172
957
-3
4
-5245
297
23
-10
-5237
-376
17
-13
-5135
-1040
17
1
-4959
-1675
7
-10
-4712
-2312
10
-3
5114
976
1
-23
5035
1329
10
-29
4938
1669
5
-11
4805
2001
10
-14
4628
2339
17
-20
4472
2624
18
-9
4278
2938
5
-5
4061
3217
5
-13
3828
3473
11
-16
3585
3735
15
-23
3315
3983
9
-11
3028
4193
15
-12
2722
4394
13
-10
2420
4574
17
3
2090
4767
7
-11
1761
4877
7
1
1420
4988
20
-18
1082
5078
26
-19
723
5136
23
0
361
5189
15
-6
16
5200
20
9
-350
5198
24
-4
-692
5163
7
12
-1041
5094
19
12
-1405
5022
-2
12
-1741
4921
17
7
-2052
4796
14
3
-2382
4644
9
5
-2706
4475
19
5
-2986
4286
13
11
-3289
4084
4
26
-3547
3837
7
3
-3798
3599
11
2
-4028
3333
7
10
-4252
3049
5
15
-4447
2755
4
20
-4640
2446
-15
21
-4778
2134
15
19
-4902
1812
2
15
-5020
1479
2
15
-5096
1122
0
20
-5163
778
0
13
-5205
420
13
22
-5233
77
-6
29
-5219
-292
3
6
-5177
-634
-13
17
-5115
-993
-13
17
-5030
-1322
3
13
-4920
-1672
-16
18
-4806
-1991
-8
26
-4646
-2320
-16
6
-4482
-2626
-5
12
-4283
-2920
-19
16
-4079
-3241
-24
12
-3843
-3490
-16
14
-3583
-3741
-8
10
-3329
-3978
-20
12
-3050
-4215
-19
6
-2756
-4403
-9
16
-2445
-4583
-16
13
-2136
-4725
-21
19
-1811
-4864
-18
5
-1474
-4983
-7
9
-1118
-5092
-18
-13
-778
-5149
-13
2
-416
-5177
-15
-11
-63
-5211
-11
-5
286
-5211
-10
1
633
-5175
-17
3
984
-5135
-5
7
1328
-5049
-19
1
1679
-4954
-16
0
1997
-4837
-24
-7
2320
-4682
-12
-15
2629
-4528
-15
-10
2932
-4325
-11
-14
3219
-4140
-9
-10
3482
-3906
-7
-12
3745
-3662
-24
-21
3982
-3412
-4
-4
4183
-3141
-9
-16
4406
-2846
5
-9
4583
-2533
0
-15
4748
-2238
-6
-11
4855
-1904
-8
-15
5003
-1576
-6
-15
5092
-1234
0
-11
5147
-880
1
-28
5199
-547
-20
-16
5214
-195
6
-18
5199
162
2
-15
5185
509
-2
-14
5135
871
-5
-16
5062
1217
-16
-19
4962
1551
-5
-9
4843
1890
10
-21
4721
2201
9
-17
4540
2516
10
-11
4370
2821
13
-23
4157
3093
4
-24
3932
3386
13
-11
3684
3623
15
-22
3437
3874
11
-14
3149
4113
9
-22
2863
4303
17
-15
2563
4502
16
-6
2244
4663
24
-12
1931
4807
18
0
1609
4919
9
-7
1266
5025
10
9
929
5119
20
6
567
5155
20
-7
219
5194
13
-4
-135
5195
14
-1
-496
5172
18
9
-832
5126
13
-5
-1174
5070
16
6
-1518
4990
13
-6
-1852
4880
11
2
-2169
4752
22
2
-2486
4587
26
7
-2795
4421
12
10
-3086
4220
15
10
-3356
4010
10
2
-3630
3781
4
3
-3875
3533
7
23
-4086
3272
19
6
-4301
2989
15
16
-4502
2701
1
14
-4658
2387
5
10
-4795
2083
0
20
-4925
1746
9
23
-5030
1422
-10
23
-5123
1071
0
11
-5171
724
-2
7
-5204
381
-7
23
-5228
42
-6
16
-5214
-304
1
23
-5167
-659
4
18
-5112
-995
-8
10
-5052
-1342
-5
5
-4921
-1677
-5
13
-4816
-2003
3
17
-4651
-2321
-3
17
-4476
-2633
-19
8
-4285
-2927
-18
25
-4060
-3203
-3
13
-3859
-3490
-10
7
-3607
-3723
-4
15
-3358
-3959
-17
16
-3086
-4183
-10
15
-2771
-4372
-21
16
-2486
-4559
-16
13
-2169
-4710
-22
14
-1843
-4854
-24
5
-1523
-4979
-2
-7
-1167
-5065
-13
-9
-830
-5120
-5
3
-492
-5199
-21
-3
-135
-5194
-25
8
202
-5203
-11
-6
550
-5190
-16
0
896
-5135
-23
7
1233
-5084
-26
4
1563
-4981
-12
0
1907
-4877
-17
-5
2230
-4732
-19
-6
2532
-4576
-4
-9
2830
-4405
-11
-13
3116
-4207
-18
1
3380
-3993
-27
-10
3647
-3771
-16
-8
3880
-3513
-21
-21
4111
-3248
-12
0
4322
-2962
-17
-18
4494
-2679
-8
-8
4664
-2382
-6
-5
4808
-2064
-7
-16
4924
-1751
-13
-9
5030
-1406
-4
-1
5108
-1070
-24
-10
5173
-719
-3
-33
5206
-368
18
-18
5207
-26
-14
-12
5197
321
3
-9
5146
670
-8
-18
5107
1011
12
-6
5021
1353
0
-19
4914
1677
-10
-22
4807
1995
13
-22
4638
2322
1
-26
4480
2622
2
-16
4287
2914
1
-23
4078
3194
5
-20
3850
3471
-2
-7
3604
3733
26
-19
3341
3947
11
-13
3074
4178
8
-13
2792
4353
7
-6
2485
4532
-9
-28
2181
4706
13
-12
1849
4837
8
-9
1540
4950
10
-14
1198
5063
15
-16
839
5122
5
-1
507
5160
20
-3
147
5188
21
-4
-196
5187
25
-1
-533
5172
12
12
-872
5135
8
19
-1211
5072
14
6
-1553
4990
5
-10
-1877
4877
-4
10
-2195
4725
5
6
-2489
4589
13
-3
-2801
4389
11
0
-3089
4219
20
28
-3375
4006
9
14
-3617
3767
11
15
-3866
3534
-7
9
-4083
3268
8
10
-4288
3008
23
19
-4473
2717
7
3
-4632
2407
11
11
-4788
2099
16
6
-4908
1781
9
20
-5032
1457
8
14
-5097
1097
10
7
-5166
788
-8
27
-5193
440
-7
13
-5205
94
14
19
-5206
-247
13
20
-5173
-596
-1
14
-5132
-934
-7
12
-5038
-1270
-8
18
-4938
-1607
0
14
-4843
-1926
-12
16
-4693
-2233
-19
12
-4526
-2561
-14
16
-4342
-2847
-12
14
-4161
-3123
-14
21
-3924
-3394
-19
12
-3709
-3635
-6
16
-3441
-3898
-22
7
-3179
-4110
-24
2
-2905
-4302
-7
11
-2613
-4493
-12
11
-2314
-4653
-7
8
-1995
-4798
-15
2
-1667
-4922
-10
8
-1336
-5020
-18
5
-991
-5099
-6
-6
-662
-5154
-30
-4
-307
-5209
-6
-4
41
-5209
-14
7
385
-5211
-15
1
730
-5165
-27
5
1060
-5106
-21
-10
1392
-5019
-29
0
1708
-4953
-18
-3
2041
-4808
-21
-6
2361
-4663
-26
-18
2650
-4508
-16
-12
2937
-4320
-26
-5
3221
-4142
-20
-14
3484
-3917
-19
2
3718
-3676
-16
-16
3962
-3434
-13
-13
4176
-3165
-19
-21
4378
-2895
-24
-3
4534
-2593
-3
-5
4708
-2294
-8
-23
4847
-1978
-9
-22
4974
-1653
-6
-15
5064
-1339
-7
-19
5131
-982
-9
-32
5184
-640
-3
-15
5211
-302
-2
-13
5205
30
-13
-30
5192
368
-6
-37
5162
705
10
-26
5087
1049
-5
-16
5017
1383
4
-15
4906
1716
7
-12
4775
2035
-3
-41
4633
2350
-5
-6
4465
2635
7
-17
4262
2915
7
-26
4057
3195
1
-2
3841
3471
20
-16
3599
3721
1
-15
3357
3956
14
-19
3076
4156
6
-6
2783
4359
8
-6
2503
4517
18
-14
2190
4693
16
-25
1885
4834
7
1
1565
4943
14
-2
1229
5036
10
-6
891
5106
27
-20
544
5157
11
-7
209
5171
15
2
-139
5188
20
2
-469
5174
13
5
-816
5141
18
0
-1134
5080
23
1
-1487
4996
24
11
-1798
4891
6
-4
-2120
4763
23
6
-2425
4620
22
3
-2732
4470
17
18
-3013
4272
16
-3
-3281
4073
9
-2
-3538
3853
15
12
-3787
3607
25
14
-4025
3357
9
12
-4228
3094
8
10
-4414
2805
7
2
-4590
2539
17
-4
-4732
2209
16
18
-4873
1921
4
12
-4985
1593
4
15
-5073
1253
-6
33
-5134
929
-3
18
-5196
597
-2
16
-5206
238
2
28
-5218
-91
-1
25
-5196
-421
0
23
-5159
-757
0
20
-5091
-1088
-10
16
-5007
-1416
0
25
-4904
-1741
-13
13
-4770
-2076
-8
8
-4624
-2378
-10
23
-4464
-2669
-9
3
-4262
-2963
-17
14
-4053
-3218
-12
1
-3833
-3485
-13
0
-3601
-3734
-3
16
-3337
-3961
-18
2
-3073
-4175
0
13
-2792
-4371
-27
8
-2508
-4531
-7
7
-2203
-4707
0
11
-1881
-4842
-21
3
-1573
-4948
6
10
-1251
-5051
-10
-3
-896
-5118
-15
10
-569
-5168
-18
2
-243
-5210
-12
2
100
-5204
-21
1
455
-5203
-21
-1
781
-5159
-26
-1
1117
-5096
-3
-10
1442
-5023
-17
3
1765
-4917
-15
-9
2085
-4794
-19
-10
2383
-4659
-19
-3
2675
-4499
-9
1
2963
-4316
-16
-16
3231
-4117
-13
6
3497
-3906
-16
-5
3745
-3668
-19
0
3967
-3429
-18
-5
4193
-3141
1
-13
4382
-2868
-11
-6
4543
-2592
-13
-17
4699
-2294
-4
-13
4840
-1985
-12
-19
4952
-1677
-1
-10
5059
-1340
-7
-24
5116
-1015
4
-23
5174
-671
-10
-24
5202
-333
-5
-13
5210
5
8
-15
5204
347
-8
-23
5146
678
-7
-21
5106
1018
-11
-27
5014
1327
1
-16
4931
1653
6
-31
4797
1970
-4
-15
4670
2285
-1
-15
4505
2576
3
-23
4310
2858
5
-2
4127
3152
12
-24
3888
3406
13
-20
3657
3645
11
-17
3432
3879
8
-7
3162
4092
15
0
2896
4301
10
-3
2596
4481
14
-11
2310
4641
23
-20
1983
4780
18
-2
1671
4903
5
9
1362
5007
19
0
1018
5074
7
10
686
5144
20
0
362
5175
12
-4
13
5189
17
-1
-318
5184
20
-6
-648
5168
2
16
-986
5101
23
2
-1322
5043
25
13
-1640
4942
21
2
-1964
4842
3
5
-2273
4695
12
0
-2565
4554
12
4
-2855
4379
19
16
-3130
4188
8
0
-3374
3997
1
7
-3633
3778
34
17
-3865
3522
4
10
-4070
3280
7
27
-4296
2998
10
9
-4478
2729
16
16
-4614
2429
14
7
-4776
2132
9
17
-4903
1826
14
1
-4993
1510
8
11
-5095
1176
16
28
-5156
854
10
11
-5195
520
12
19
-5232
187
19
13
-5216
-165
5
11
-5213
-476
-12
20
-5122
-819
12
19
-5087
-1145
-2
20
-4990
-1477
-9
17
-4889
-1780
-2
28
-4765
-2086
8
24
-4598
-2406
-17
20
-4443
-2691
-10
12
-4256
-2984
-2
15
-4044
-3247
-14
20
-3830
-3514
-5
21
-3606
-3755
0
12
-3346
-3964
-4
21
-3083
-4172
-7
11
-2806
-4363
-35
14
-2517
-4540
-10
4
-2228
-4691
-10
12
-1910
-4844
-8
10
-1603
-4945
-22
12
-1270
-5036
-21
0
-959
-5117
-16
18
-604
-5176
-13
2
-277
-5204
-21
0
70
-5214
-18
-2
386
-5199
-19
-5
720
-5172
-20
1
1066
-5117
-9
-3
1366
-5045
-18
-1
1699
-4946
-22
2
2013
-4836
-2
-1
2312
-4691
-11
-1
2613
-4529
-20
13
2884
-4346
-11
-8
3157
-4172
-8
-8
3417
-3962
-21
-9
3663
-3739
-17
-11
3891
-3496
-8
-6
4119
-3247
-9
-12
4324
-2986
0
-14
4488
-2691
5
-14
4656
-2400
-15
-3
4789
-2119
2
-11
4903
-1790
-7
-24
5010
-1480
-12
-10
5110
-1163
-9
-12
5161
-827
-9
-25
5194
-493
-16
-20
5199
-158
-5
-7
5207
175
1
-29
5180
508
-11
-15
5136
843
-7
-25
5061
1174
-4
-10
4979
1474
-2
-11
4878
1815
9
-21
4739
2112
6
-1
4585
2405
2
-20
4423
2708
6
-18
4255
2967
0
-23
4024
3250
-6
-16
3820
3494
15
-26
3578
3741
10
-17
3309
3970
7
4
3073
4170
5
-1
2809
4344
12
-20
2524
4524
13
-11
2226
4675
20
-1
1907
4809
0
-24
1588
4914
18
-6
1279
5024
11
-7
952
5094
5
-15
619
5149
21
-8
270
5182
16
-20
-51
5199
23
-3
-383
5180
23
5
-716
5140
20
-19
-1039
5114
19
-4
-1374
5023
25
-8
-1680
4931
20
-1
-2006
4827
19
-6
-2313
4678
8
7
-2601
4543
16
-3
-2881
4364
29
1
-3149
4168
16
10
-3400
3965
20
0
-3647
3751
15
20
-3874
3508
24
11
-4084
3252
9
4
-4294
2989
8
16
-4473
2727
6
14
-4650
2447
7
10
-4774
2138
21
19
-4896
1818
6
7
-5011
1522
9
19
-5092
1205
16
10
-5151
869
1
10
-5183
545
15
11
-5216
209
13
6
-5219
-116
11
15
-5180
-464
7
9
-5160
-789
6
25
-5086
-1104
-8
10
-5000
-1428
-4
-2
-4918
-1742
-8
18
-4781
-2055
-7
18
-4634
-2348
-12
8
-4469
-2636
4
14
-4311
-2921
-8
17
-4081
-3192
-14
8
-3879
-3443
-14
16
-3649
-3709
-11
8
-3397
-3915
-18
15
-3150
-4118
-10
10
-2881
-4307
-14
7
-2590
-4492
-14
5
-2313
-4647
4
9
-2003
-4794
-20
14
-1700
-4906
-11
13
-1394
-5016
-13
2
-1075
-5096
-18
19
-742
-5154
-25
8
-395
-5189
-8
12
-67
-5211
-21
2
258
-5210
-20
-2
592
-5198
-15
9
909
-5142
-14
-2
1231
-5081
-29
1
1547
-4993
-16
1
1871
-4881
-19
7
2173
-4764
-10
1
2468
-4620
-27
0
2762
-4457
-21
-1
3036
-4276
-16
-19
3282
-4079
-24
-10
3531
-3869
-22
-9
3771
-3627
-20
4
3981
-3401
-15
-21
4198
-3126
-28
-16
4377
-2870
-25
-28
4554
-2591
-20
-13
4705
-2298
-17
-26
4825
-1975
-19
-16
4933
-1675
-4
-18
5051
-1371
-12
-17
5117
-1039
-7
-18
5176
-736
-10
-31
5208
-390
1
-5
5197
-48
-20
-17
5190
260
3
-17
5159
590
-9
-24
5112
911
9
-28
5057
1263
-4
-20
4946
1564
-6
-24
4843
1865
7
-9
4708
2172
-9
-16
4544
2454
8
-16
4400
2749
-2
-27
4199
3032
-13
-18
4001
3277
13
-13
3785
3532
13
-20
3542
3766
-1
-19
3300
4005
-2
-19
3032
4180
12
-18
2762
4378
20
-9
2477
4543
5
-3
2197
4701
10
-20
1888
4824
-1
-20
1580
4931
2
-13
1262
5029
14
-11
915
5104
6
8
610
5163
19
-8
279
5186
7
-8
-52
5207
18
-13
-377
5179
6
5
-704
5154
9
-15
-1020
5111
11
2
-1341
5024
16
-5
-1662
4944
13
10
-1962
4833
19
-4
-2290
4704
13
11
-2566
4557
9
-1
-2843
4396
2
9
-3108
4208
23
6
-3361
4000
17
6
-3615
3790
19
-4
-3841
3550
6
4
-4057
3324
11
2
-4258
3066
6
9
-4430
2778
10
8
-4593
2516
1
9
-4741
2196
9
4
-4865
1912
10
-3
-4975
1584
6
-1
-5060
1291
9
22
-5143
975
15
25
-5177
650
3
21
-5196
326
14
25
-5218
-3
8
0
-5191
-330
2
7
-5170
-654
-2
22
-5105
-965
-5
14
-5034
-1298
6
16
-4955
-1617
3
8
-4835
-1923
-10
28
-4689
-2205
3
22
-4544
-2508
-7
12
-4388
-2796
8
22
-4205
-3057
-6
26
-3981
-3321
-2
19
-3785
-3563
-26
25
-3543
-3791
-12
11
-3288
-4009
-6
11
-3033
-4210
-21
11
-2741
-4399
-18
14
-2470
-4563
-6
15
-2201
-4712
-5
12
-1890
-4841
-27
17
-1585
-4959
-15
-5
-1266
-5049
-20
10
-963
-5114
-17
12
-612
-5185
-29
16
-292
-5196
-13
-2
36
-5208
-13
5
357
-5203
-23
1
681
-5163
-24
-3
1004
-5119
-9
11
1302
-5054
-17
4
1637
-4972
-30
-6
1930
-4854
-19
6
2235
-4723
-18
-12
2532
-4585
-9
-12
2801
-4402
-18
-7
3073
-4227
-17
-3
3342
-4043
-13
-6
3575
-3823
-14
-6
3820
-3601
-29
-11
4015
-3347
-9
-15
4226
-3107
-18
-3
4415
-2836
-3
-15
4587
-2549
-11
-20
4720
-2269
-18
-23
4837
-1966
-10
-13
4939
-1669
2
-18
5049
-1337
-10
1
5129
-1030
-24
-23
5168
-716
-11
-20
5189
-394
-2
-24
5210
-69
-1
-11
5199
260
-4
-17
5166
587
-6
-14
5121
904
-6
-28
5033
1226
0
-14
4960
1536
-9
-10
4860
1831
5
-19
4726
2132
2
-18
4570
2426
-5
-26
4412
2714
-1
-28
4236
2994
10
-15
4031
3235
2
-26
3818
3483
14
-25
3597
3708
18
-17
3340
3935
2
-20
3098
4151
15
-10
2828
4329
7
-8
2563
4503
11
-13
2264
4652
6
-15
1970
4795
8
-11
1674
4906
19
-1
1351
5001
10
-20
1049
5094
23
-21
722
5137
23
2
402
5183
17
-16
79
5195
13
-7
-262
5194
25
-3
-568
5178
15
7
-883
5121
18
-13
-1196
5063
23
11
-1520
4992
31
-10
-1836
4868
15
-10
-2136
4776
1
-9
-2422
4615
30
-9
-2718
4463
8
1
-2971
4296
27
0
-3233
4094
-6
7
-3491
3900
22
-1
-3731
3676
17
6
-3942
3446
8
23
-4136
3201
4
-3
-4317
2930
17
9
-4500
2667
18
16
-4656
2382
1
7
-4797
2093
5
19
-4908
1803
10
6
-5009
1478
8
16
-5102
1168
13
14
-5148
856
2
16
-5193
539
5
12
-5212
222
-3
3
-5214
-91
-2
17
-5180
-410
16
20
-5134
-743
16
20
-5101
-1064
-10
7
-5020
-1374
1
19
-4914
-1691
8
21
-4796
-1997
1
22
-4658
-2265
3
17
-4519
-2557
-4
8
-4335
-2841
6
25
-4158
-3100
3
22
-3952
-3366
-15
18
-3729
-3590
-5
19
-3510
-3818
-7
23
-3255
-4039
-15
6
-2998
-4230
-19
13
-2733
-4393
-10
11
-2464
-4570
-22
6
-2170
-4716
-16
10
-1870
-4839
-8
-1
-1559
-4951
-18
12
-1255
-5033
-9
10
-946
-5127
-11
14
-627
-5165
-17
6
-292
-5205
-16
11
26
-5216
-17
-5
346
-5199
-22
3
645
-5183
-4
-4
955
-5124
-6
4
1268
-5050
-18
-3
1604
-4974
-18
-3
1886
-4886
-25
-6
2204
-4741
-14
-12
2474
-4607
-21
0
2753
-4460
-16
-10
3021
-4262
-22
-2
3272
-4089
-19
-1
3529
-3874
-5
-3
3740
-3657
-17
-9
3953
-3427
-18
-15
4161
-3165
-14
-17
4355
-2907
-8
-14
4525
-2647
-1
-11
4663
-2356
-17
-13
4797
-2071
-12
-7
4919
-1766
-14
-12
5004
-1469
3
-8
5092
-1167
-10
-11
5146
-847
-7
-11
5177
-538
2
-15
5205
-210
-10
-10
5210
108
-7
-19
5187
418
6
-19
5156
736
-12
-11
5090
1062
-2
-13
5007
1373
-8
-28
4909
1670
3
-15
4797
1975
2
-33
4668
2267
7
-17
4498
2555
3
-19
4352
2830
-6
-8
4149
3090
4
-22
3957
3335
11
-17
3736
3576
-12
-17
3497
3808
4
-4
3266
4005
3
-17
3009
4218
2
-27
2731
4379
2
-9
2478
4557
7
-18
2180
4705
8
-5
1885
4818
6
-11
1585
4942
-1
-22
1273
5033
14
-7
967
5089
12
-10
633
5142
13
-13
342
5195
5
-10
13
5190
22
-11
-297
5197
9
2
-605
5167
5
-13
-932
5122
16
-19
-1245
5067
13
-3
-1560
4972
4
-7
-1854
4874
14
5
-2156
4762
17
6
-2425
4621
7
8
-2715
4457
19
5
-2992
4297
21
6
-3230
4108
9
0
-3482
3907
1
6
-3714
3695
4
10
-3924
3443
11
2
-4116
3206
2
10
-4313
2958
18
4
-4495
2686
10
6
-4634
2402
9
24
-4773
2131
-4
8
-4900
1843
1
6
-4997
1535
1
10
-5085
1233
3
24
-5130
929
0
19
-5191
613
6
24
-5204
295
5
9
-5213
-31
4
6
-5207
-337
6
15
-5160
-650
10
16
-5100
-966
-1
6
-5034
-1272
-1
18
-4957
-1573
-5
13
-4843
-1889
9
12
-4715
-2174
-17
13
-4574
-2455
-7
14
-4406
-2727
-6
12
-4225
-2995
-16
12
-4047
-3253
-9
5
-3835
-3510
-28
11
-3582
-3727
3
16
-3381
-3928
-9
10
-3124
-4124
9
10
-2855
-4326
-13
-5
-2603
-4497
-6
10
-2316
-4642
-10
0
-2037
-4779
-12
15
-1747
-4877
-13
19
-1434
-4995
-21
11
-1141
-5071
-11
2
-810
-5134
-27
3
-503
-5181
-19
20
-195
-5203
-19
-11
120
-5211
-10
8
425
-5212
-18
8
756
-5183
-24
7
1070
-5110
-19
4
1374
-5040
-23
16
1675
-4945
-32
3
1965
-4849
-6
4
2259
-4715
-16
8
2537
-4576
-9
-12
2805
-4408
-21
-7
3058
-4236
-8
-7
3308
-4053
-16
-7
3558
-3839
-35
-1
3780
-3628
-20
-11
3997
-3381
-5
-15
4188
-3140
-30
-5
4364
-2873
-24
-9
4525
-2618
-21
-15
4685
-2328
-5
-17
4813
-2063
-10
-20
4919
-1765
-14
-12
5009
-1444
-16
-27
5104
-1159
-4
-13
5141
-847
-3
-8
5193
-525
-17
-3
5208
-214
-9
-12
5198
95
-6
-20
5188
421
-24
-18
5153
728
-21
-11
5089
1032
-5
-17
5014
1325
-2
-11
4932
1633
-8
-23
4816
1945
-4
-13
4685
2241
3
-15
4536
2498
-5
-19
4366
2787
1
-19
4185
3047
11
-19
4006
3292
-6
-25
3773
3533
2
-18
3560
3755
-1
-10
3333
3963
-3
-4
3076
4156
12
-27
2808
4336
7
-26
2557
4508
2
-13
2276
4661
10
-13
1969
4793
26
-12
1682
4898
3
-9
1387
5005
17
-13
1095
5087
8
-9
779
5120
7
-17
468
5163
16
-12
162
5197
9
-9
-164
5192
18
-22
-476
5188
15
-3
-776
5153
14
-11
-1114
5091
3
4
-1404
5019
19
-18
-1707
4941
17
-11
-1996
4819
12
-1
-2279
4699
13
-1
-2558
4549
12
3
-2821
4409
28
-5
-3081
4214
10
-7
-3328
4032
4
-6
-3561
3828
19
4
-3792
3624
18
-4
-4005
3385
17
7
-4180
3129
20
6
-4366
2883
11
5
-4531
2628
11
5
-4681
2346
13
6
-4790
2064
15
10
-4926
1776
12
9
-5006
1471
1
5
-5078
1159
5
13
-5148
860
16
6
-5174
550
7
17
-5210
245
1
18
-5211
-59
14
18
-5202
-383
7
6
-5161
-688
8
18
-5100
-1002
-10
19
-5031
-1295
14
6
-4939
-1593
-4
6
-4828
-1897
-7
12
-4714
-2193
6
22
-4563
-2455
2
10
-4412
-2740
-6
4
-4230
-2987
-13
11
-4048
-3229
5
17
-3832
-3481
-13
28
-3626
-3711
-11
19
-3402
-3930
-4
14
-3155
-4121
-10
27
-2901
-4316
-4
-1
-2630
-4457
-17
14
-2371
-4612
-5
8
-2073
-4759
-6
18
-1794
-4872
-13
2
-1510
-4981
-5
2
-1204
-5044
-6
10
-890
-5137
-13
8
-580
-5173
-14
12
-286
-5201
-13
10
28
-5218
-23
21
346
-5206
-19
13
660
-5184
-18
9
959
-5134
-25
8
1272
-5064
-12
9
1560
-4989
-31
6
1850
-4889
-19
5
2134
-4769
-13
1
2417
-4646
-20
-3
2696
-4495
-28
2
2953
-4331
-13
-2
3204
-4143
-25
-14
3444
-3949
-31
1
3660
-3725
-2
-3
3884
-3515
-17
8
4076
-3287
-17
-7
4258
-3050
-23
-10
4421
-2775
-16
-8
4568
-2508
-6
2
4709
-2233
-17
-6
4844
-1949
-2
-13
4948
-1669
-14
-11
5041
-1361
-10
-19
5106
-1055
-7
-11
5151
-764
-4
-6
5179
-455
-9
-28
5196
-146
-3
-16
5204
157
-2
-3
5182
491
0
-30
5136
788
7
-20
5082
1098
-15
-17
5006
1403
-2
-13
4911
1699
-6
-19
4795
1981
-6
-7
4669
2256
-11
-19
4521
2539
18
-10
4359
2781
1
-25
4190
3053
5
-11
3988
3307
17
-22
3784
3536
-5
-20
3580
3764
7
-6
3334
3963
5
-13
3095
4145
0
-9
2836
4328
9
-13
2573
4498
10
-18
2292
4648
4
-28
2023
4755
1
-8
1741
4891
13
-3
1450
4989
16
-15
1135
5055
18
-13
824
5124
13
-10
535
5180
23
-20
220
5196
20
-12
-94
5212
12
-5
-389
5181
13
-17
-722
5169
15
16
-1002
5116
5
-10
-1286
5051
22
-5
-1585
4971
38
-11
-1905
4873
6
-3
-2182
4753
22
2
-2450
4612
28
-21
-2715
4468
16
7
-2964
4300
17
7
-3223
4122
16
-8
-3452
3916
17
-1
-3683
3743
29
14
-3890
3502
8
10
-4091
3272
23
4
-4282
3030
15
7
-4438
2761
20
0
-4592
2495
19
13
-4743
2219
9
8
-4852
1938
10
12
-4965
1657
-5
11
-5057
1346
10
6
-5104
1056
9
0
-5152
770
3
20
-5204
451
13
8
-5205
145
-1
3
-5206
-175
-2
24
-5187
-472
26
10
-5150
-782
7
29
-5096
-1073
7
8
-5014
-1374
8
14
-4921
-1665
2
11
-4805
-1948
-4
-4
-4692
-2232
-12
14
-4544
-2510
-10
10
-4392
-2753
-8
19
-4215
-3027
-7
21
-4025
-3276
-11
25
-3820
-3525
2
11
-3610
-3722
-13
13
-3373
-3932
5
27
-3153
-4129
-15
16
-2906
-4303
-5
19
-2652
-4470
-6
13
-2383
-4616
-3
25
-2103
-4755
-2
9
-1805
-4861
-3
3
-1538
-4970
-17
22
-1231
-5057
-6
14
-939
-5112
-6
7
-637
-5166
-15
8
-316
-5205
-19
12
-35
-5216
-7
0
286
-5200
-12
23
596
-5182
-16
9
881
-5145
-1
7
1204
-5084
-14
5
1485
-5004
-9
4
1776
-4917
-19
1
2065
-4801
-28
10
2337
-4676
-8
2
2594
-4546
-22
-8
2861
-4385
-9
-10
3102
-4209
-30
-10
3344
-4024
-30
5
3583
-3827
-30
-12
3781
-3606
-17
-1
4005
-3387
-4
-7
4186
-3151
-13
-18
4348
-2904
-5
-2
4515
-2648
-10
-9
4652
-2374
-14
-8
4797
-2109
-7
-21
4876
-1828
-19
-7
4995
-1537
-11
-4
5060
-1236
-16
-6
5127
-930
-9
-15
5174
-638
-6
-17
5189
-331
-12
-14
5206
-38
5
-24
5191
275
-9
-7
5168
573
-15
-11
5120
866
9
-15
5055
1181
-4
-17
4985
1474
3
-13
4887
1760
-1
-15
4759
2032
-9
-17
4641
2338
-12
-9
4487
2586
-3
-25
4306
2843
3
-27
4140
3092
-2
-19
3954
3335
-4
-16
3757
3562
1
-23
3549
3776
4
-8
3322
3980
7
-28
3069
4163
6
-17
2817
4352
2
-10
2577
4506
-2
-8
2297
4635
17
-5
2029
4778
8
-26
1731
4888
8
-10
1442
4981
5
-18
1141
5067
19
-23
855
5114
10
-11
562
5161
13
-10
261
5194
22
-5
-56
5207
10
-19
-357
5189
15
-15
-653
5174
16
-14
-956
5117
8
-16
-1238
5061
19
-10
-1548
4972
15
0
-1809
4899
23
-9
-2097
4777
13
-4
-2379
4669
10
-1
-2651
4496
15
-7
-2903
4342
16
-2
-3153
4180
17
-3
-3405
3990
20
6
-3586
3793
15
-1
-3801
3580
13
12
-4018
3362
19
11
-4187
3127
13
-1
-4354
2881
18
12
-4514
2613
19
2
-4672
2351
13
12
-4799
2076
-10
4
-4913
1796
1
8
-4989
1509
30
6
-5088
1217
23
10
-5139
936
3
17
-5169
624
11
13
-5197
336
8
14
-5206
28
11
12
-5201
-268
9
14
-5153
-580
6
16
-5134
-881
5
14
-5068
-1163
10
12
-4988
-1453
12
9
-4880
-1748
8
2
-4799
-2023
-6
23
-4649
-2293
-4
7
-4504
-2566
8
7
-4362
-2820
-5
28
-4194
-3076
1
-3
-3995
-3321
-4
28
-3795
-3540
-6
14
-3586
-3756
-7
18
-3348
-3965
-3
9
-3138
-4154
-17
12
-2880
-4314
-3
22
-2622
-4482
2
8
-2377
-4625
-8
10
-2094
-4752
-5
15
-1816
-4874
-12
-2
-1532
-4971
-14
20
-1231
-5050
-5
-2
-944
-5114
-16
-7
-645
-5168
-12
4
-354
-5210
-13
6
-41
-5219
-19
8
233
-5223
-12
7
531
-5191
-8
13
836
-5167
-15
-3
1135
-5097
-17
15
1429
-5029
-22
2
1722
-4955
-14
1
1990
-4831
-27
-8
2268
-4710
-16
-2
2551
-4560
-10
-8
2796
-4430
-16
-7
3024
-4260
-17
9
3263
-4077
-6
-9
3488
-3895
-18
-10
3710
-3686
-12
-13
3916
-3469
-4
-12
4113
-3227
-7
-7
4281
-2999
-13
-15
4459
-2743
-27
-16
4594
-2493
-14
-15
4731
-2222
-23
-15
4845
-1944
-18
-12
4940
-1675
-7
-9
5027
-1378
-9
-6
5104
-1088
-10
-30
5153
-801
-13
-10
5187
-504
-17
-19
5193
-211
-12
-27
5202
106
-7
-23
5186
398
-9
-29
5128
704
-16
-16
5081
985
-11
-22
5038
1277
0
-13
4940
1585
-18
-13
4851
1843
3
-19
4723
2129
6
-12
4588
2395
-4
-20
4448
2657
-7
-21
4272
2919
15
-13
4113
3145
1
-12
3903
3387
-7
-7
3704
3590
3
-14
3505
3809
-5
-21
3267
4008
-3
-6
3038
4180
11
-28
2782
4372
4
-9
2541
4512
-3
-27
2249
4642
2
-22
1991
4782
3
-22
1715
4903
21
-29
1430
4982
2
-18
1158
5050
8
-20
855
5117
19
-18
556
5162
17
-24
280
5191
21
-13
-34
5194
19
-10
-326
5180
12
-13
-644
5173
11
-6
-916
5143
4
-17
-1210
5068
15
-4
-1509
4996
1
-2
-1791
4904
-3
2
-2043
4800
9
-15
-2327
4676
12
-20
-2591
4529
20
-5
-2851
4383
8
-17
-3097
4211
15
-8
-3326
4050
24
3
-3540
3829
16
-13
-3754
3634
18
-10
-3952
3423
11
3
-4149
3185
11
2
-4313
2963
16
2
-4473
2723
9
-6
-4625
2455
17
-7
-4737
2189
20
8
-4872
1913
13
19
-4969
1628
21
19
-5034
1345
22
7
-5098
1055
20
5
-5153
773
9
-2
-5200
473
7
13
-5194
183
11
6
-5217
-108
17
12
-5178
-410
19
9
-5158
-703
0
16
-5109
-1006
6
21
-5034
-1293
3
21
-4948
-1576
-6
11
-4848
-1856
-8
20
-4740
-2123
-7
25
-4622
-2390
8
17
-4465
-2643
-9
16
-4301
-2898
6
11
-4126
-3130
1
5
-3938
-3366
-2
13
-3740
-3603
-2
22
-3517
-3801
1
13
-3303
-4002
4
15
-3070
-4185
-5
14
-2838
-4355
1
27
-2589
-4506
7
5
-2328
-4646
-6
-5
-2060
-4784
-17
20
-1776
-4899
-7
12
-1505
-4975
-10
0
-1210
-5059
-7
23
-920
-5137
-24
7
-624
-5166
-14
19
-341
-5199
-26
21
-46
-5213
-17
10
245
-5218
-11
15
532
-5192
-5
9
830
-5152
-20
5
1114
-5110
-15
4
1401
-5022
-4
-2
1694
-4949
-23
-2
1964
-4840
-2
1
2253
-4725
-17
7
2500
-4593
-18
1
2763
-4442
-17
-7
2998
-4300
-12
8
3250
-4104
-5
0
3451
-3921
-14
-7
3669
-3737
-14
-10
3875
-3518
-15
-17
4056
-3291
-18
-2
4236
-3050
-12
-6
4396
-2800
-13
2
4538
-2564
-6
-16
4699
-2311
-20
-10
4811
-2042
-17
-10
4906
-1756
-20
-25
4992
-1481
-12
-22
5081
-1200
-15
-17
5139
-910
-16
-9
5175
-617
-24
-16
5179
-318
-14
-13
5194
-29
-3
-15
5189
269
-8
-21
5161
560
-15
-20
5125
837
-11
-13
5059
1128
-7
-14
4975
1419
-9
-21
4902
1699
-5
-30
4785
1986
-17
-26
4654
2251
-3
-14
4527
2505
-5
-30
4370
2778
-4
-23
4209
2997
4
-21
4027
3235
5
-22
3843
3476
17
-17
3632
3680
4
-16
3418
3876
5
-25
3210
4064
5
-19
2965
4235
-1
-20
2707
4398
14
-26
2452
4548
-5
-31
2196
4690
10
-23
1925
4805
10
-17
1653
4912
-3
-16
1367
5012
6
-18
1097
5073
8
-13
794
5116
9
-24
508
5176
14
-24
212
5205
-6
0
-85
5199
16
-12
-377
5194
8
-7
-670
5164
14
-9
-945
5119
10
-13
-1231
5061
8
1
-1512
5007
20
-17
-1787
4894
6
-1
-2062
4798
19
-9
-2328
4684
15
0
-2584
4546
11
-3
-2846
4397
15
-3
-3085
4220
11
-1
-3304
4056
8
8
-3511
3871
16
12
-3734
3658
18
-19
-3941
3456
10
-8
-4096
3239
24
2
-4287
3008
11
2
-4450
2763
21
-1
-4583
2504
12
10
-4713
2246
-2
2
-4833
1977
5
4
-4948
1693
11
-4
-5029
1418
8
2
-5090
1148
21
0
-5145
853
11
8
-5184
565
17
7
-5213
294
6
9
-5191
-15
-5
2
-5183
-311
8
23
-5176
-597
2
16
-5122
-887
22
14
-5063
-1172
4
1
-4975
-1453
9
13
-4899
-1739
6
11
-4799
-1997
6
6
-4674
-2264
7
7
-4530
-2518
-3
9
-4387
-2782
2
15
-4226
-3018
5
14
-4047
-3240
2
16
-3845
-3462
-3
11
-3655
-3682
8
16
-3447
-3874
-3
10
-3215
-4072
-2
5
-3003
-4242
-3
6
-2737
-4397
-9
9
-2496
-4546
-17
11
-2236
-4683
-2
19
-1966
-4800
-3
9
-1697
-4912
-24
8
-1410
-5016
-4
14
-1141
-5065
-14
11
-849
-5135
-10
13
-564
-5176
-9
9
-283
-5205
-14
6
7
-5220
-15
21
296
-5218
-21
2
586
-5192
-22
-11
880
-5122
-10
5
1160
-5092
-17
13
1461
-5010
-13
3
1736
-4947
-14
-2
1999
-4831
-5
-9
2266
-4707
-12
0
2515
-4600
-22
-1
2760
-4444
-9
7
3003
-4287
-16
-3
3225
-4113
-26
-20
3450
-3924
-11
4
3686
-3731
-21
-2
3882
-3514
-25
-4
4032
-3288
-10
-18
4235
-3073
-22
-10
4386
-2845
-8
-16
4527
-2586
-23
-8
4667
-2326
-26
-12
4776
-2074
-10
-2
4906
-1792
-4
-10
5001
-1516
-19
-9
5071
-1237
-7
-16
5125
-957
-16
-20
5162
-666
-18
-4
5184
-390
-6
-20
5200
-107
-8
-20
5193
191
-17
-19
5173
483
2
-23
5126
768
-15
-22
5080
1052
-10
-10
5014
1345
-3
-18
4920
1615
-6
-32
4816
1883
-4
-11
4693
2162
-3
-23
4557
2418
-11
-27
4434
2680
5
-19
4270
2909
-1
-14
4112
3142
-2
-24
3930
3366
-4
-15
3737
3577
-2
-23
3519
3791
-1
-20
3300
3975
7
-22
3083
4171
-9
-15
2839
4330
-6
-21
2584
4489
0
-27
2332
4625
8
-26
2081
4743
-15
-4
1817
4852
10
-31
1539
4933
7
-5
1260
5028
4
0
994
5101
1
-23
680
5152
23
-13
413
5186
8
-4
122
5198
-4
-17
-161
5211
4
-11
-457
5181
17
0
-757
5169
11
-22
-1038
5112
18
-13
-1294
5050
24
-25
-1583
4963
20
-2
-1853
4881
8
-7
-2106
4772
21
-10
-2374
4644
20
-1
-2620
4524
16
-10
-2867
4367
19
-3
-3100
4209
25
-2
-3326
4027
20
-4
-3538
3838
30
-6
-3757
3643
6
-2
-3940
3425
12
15
-4119
3227
19
-6
-4283
2970
28
-5
-4453
2736
17
1
-4616
2505
21
-1
-4726
2236
13
-4
-4839
1967
19
5
-4943
1717
17
0
-5021
1440
12
6
-5105
1156
18
10
-5142
874
27
8
-5175
582
-2
11
-5204
303
5
16
-5206
21
5
1
-5191
-275
17
17
-5183
-559
8
11
-5120
-831
17
7
-5086
-1103
12
5
-5000
-1381
6
7
-4924
-1665
0
0
-4812
-1923
-8
3
-4693
-2197
4
14
-4575
-2454
2
14
-4415
-2712
-10
19
-4260
-2939
-11
17
-4087
-3183
11
21
-3917
-3410
-2
15
-3721
-3599
-8
13
-3512
-3806
-4
25
-3298
-3991
-13
17
-3074
-4172
-4
16
-2830
-4344
-7
3
-2595
-4501
-17
11
-2343
-4634
-4
1
-2087
-4754
-6
3
-1816
-4866
-20
18
-1541
-4959
-10
12
-1277
-5045
-13
5
-995
-5112
-4
14
-713
-5154
-5
8
-431
-5191
-11
5
-140
-5203
-7
3
141
-5224
-23
10
437
-5194
-17
16
709
-5173
-16
9
989
-5124
-15
2
1268
-5058
-12
-1
1540
-4987
-19
1
1810
-4907
-14
4
2072
-4795
-8
3
2348
-4690
-2
-10
2585
-4543
-18
4
2846
-4404
-2
19
3073
-4238
-11
-4
3299
-4061
-13
11
3503
-3889
-8
4
3716
-3688
-24
4
3909
-3476
-19
-5
4077
-3255
-9
-2
4264
-3033
-22
-11
4415
-2789
-18
-13
4552
-2545
-26
-3
4692
-2292
-4
-1
4798
-2028
-13
1
4916
-1765
-14
2
4992
-1482
-19
-5
5063
-1220
-4
-12
5123
-934
-21
-13
5171
-667
-26
-13
5197
-377
-23
-15
5193
-96
-6
-17
5210
200
-6
-13
5167
463
-23
-21
5135
744
-7
-14
5075
1051
-5
-16
5001
1324
1
-23
4940
1599
-7
-14
4830
1866
0
-26
4719
2126
-2
-15
4607
2376
6
-27
4458
2633
-9
-18
4307
2874
1
-23
4137
3111
-2
-16
3950
3322
5
-13
3762
3547
-1
-17
3562
3751
0
-26
3363
3930
-5
-13
3144
4117
6
-30
2906
4273
6
-16
2668
4431
4
-22
2418
4581
7
-23
2170
4702
9
-6
1910
4831
6
-16
1637
4908
4
-15
1363
5009
7
-18
1091
5086
6
-18
812
5131
10
-20
532
5176
-3
-12
252
5185
-7
-22
-25
5213
16
-12
-314
5182
8
-19
-600
5165
1
-15
-884
5140
7
-21
-1153
5093
20
-16
-1430
5013
10
-7
-1709
4945
17
5
-1958
4848
5
-23
-2218
4748
2
-11
-2464
4604
27
-1
-2716
4473
20
-15
-2957
4328
25
5
-3194
4156
13
-12
-3406
3963
21
-4
-3625
3784
6
-5
-3807
3577
15
-4
-3998
3366
20
-1
-4161
3151
27
7
-4335
2915
5
16
-4476
2683
27
-3
-4624
2452
8
7
-4727
2192
13
-1
-4863
1927
13
2
-4969
1652
4
0
-5015
1390
15
5
-5097
1116
7
5
-5144
826
27
16
-5182
565
18
1
-5206
283
13
-1
-5215
-2
16
5
-5197
-275
15
5
-5161
-572
9
15
-5125
-854
19
9
-5075
-1139
16
21
-4998
-1409
10
9
-4911
-1686
19
15
-4829
-1928
10
21
-4702
-2191
14
13
-4588
-2441
-2
26
-4433
-2691
14
14
-4291
-2921
-5
4
-4121
-3143
6
21
-3940
-3369
-9
2
-3750
-3590
-19
4
-3545
-3781
-1
23
-3340
-3971
-1
8
-3123
-4155
1
19
-2882
-4311
0
12
-2659
-4462
-17
9
-2404
-4600
6
4
-2173
-4713
-11
18
-1899
-4839
-11
17
-1623
-4926
-4
16
-1347
-5014
-5
6
-1085
-5096
-31
9
-817
-5131
-12
29
-532
-5175
-4
4
-253
-5202
-3
8
32
-5226
0
15
294
-5223
-7
6
582
-5176
-7
9
865
-5169
-13
-1
1142
-5096
-23
3
1428
-5028
-10
8
1680
-4931
-14
-11
1953
-4849
-21
12
2211
-4738
-17
-2
2469
-4616
-10
-7
2704
-4485
-7
2
2929
-4335
-14
-2
3160
-4175
-7
-6
3384
-3999
-5
-12
3582
-3810
-28
9
3794
-3608
-12
3
3973
-3384
-17
4
4141
-3182
-7
3
4319
-2951
-17
0
4457
-2724
-19
-3
4589
-2483
-3
-2
4711
-2222
-20
-7
4825
-1983
-5
4
4932
-1709
-30
-19
5008
-1445
-24
-13
5068
-1163
1
-23
5130
-884
-12
-6
5150
-622
-6
-6
5182
-329
-18
-13
5187
-58
-7
-8
5194
227
-11
-6
5172
497
-14
-8
5126
778
-6
-37
5070
1052
-17
-12
5019
1328
-22
-19
4922
1591
-18
-18
4834
1852
-6
-20
4718
2126
-3
-32
4605
2378
-1
-21
4459
2608
-1
-35
4313
2866
-8
-16
4163
3077
-15
-30
3989
3295
-16
-23
3804
3501
-7
-18
3607
3714
0
-22
3392
3902
19
-11
3158
4095
-5
-29
2937
4257
4
-20
2728
4405
-8
-9
2484
4552
-7
-16
2224
4666
-1
-3
1983
4797
4
-10
1719
4892
13
-20
1448
4975
-2
-24
1182
5068
-2
-27
900
5099
7
-23
619
5177
-1
-18
343
5186
6
-7
63
5200
3
-11
-206
5205
6
-2
-481
5180
13
-23
-753
5153
14
-17
-1025
5113
13
-14
-1312
5052
16
-17
-1565
4969
12
-16
-1836
4892
12
-7
-2091
4785
26
-17
-2359
4668
12
-18
-2592
4543
12
-14
-2822
4395
14
-4
-3046
4258
5
7
-3263
4075
15
0
-3494
3903
25
-13
-3685
3697
13
-3
-3877
3525
15
-4
-4058
3310
18
-15
-4225
3081
12
-2
-4386
2850
21
-8
-4516
2627
26
4
-4662
2369
24
-9
-4773
2128
27
3
-4863
1875
1
8
-4963
1608
23
4
-5035
1345
21
-1
-5101
1066
13
1
-5149
801
10
-5
-5183
524
1
15
-5198
235
10
2
-5208
-34
11
6
-5186
-298
17
4
-5175
-583
12
5
-5123
-854
29
0
-5075
-1131
20
20
-5017
-1397
15
4
-4919
-1638
14
17
-4832
-1912
-2
15
-4710
-2181
17
20
-4580
-2432
1
11
-4458
-2678
3
14
-4292
-2913
10
11
-4134
-3120
1
14
-3960
-3337
1
7
-3782
-3547
-13
13
-3585
-3743
8
7
-3391
-3919
-5
10
-3173
-4121
-1
16
-2946
-4272
-10
-6
-2709
-4403
-7
18
-2489
-4566
9
0
-2230
-4693
7
11
-1981
-4803
-17
18
-1739
-4908
-10
6
-1463
-4987
-13
15
-1182
-5064
-8
1
-930
-5125
-7
11
-646
-5167
-5
11
-372
-5189
-16
8
-104
-5228
-8
8
170
-5219
-13
13
447
-5199
-8
13
719
-5183
-22
8
983
-5135
-7
-2
1251
-5077
-15
10
1518
-5010
-17
0
1777
-4911
-4
-1
2033
-4805
-18
6
2301
-4708
-21
11
2537
-4574
-28
1
2761
-4446
-6
5
2999
-4291
-14
3
3206
-4129
-9
6
3429
-3962
-10
-9
3617
-3773
-7
5
3808
-3577
-15
-12
4002
-3376
-16
-2
4171
-3139
-10
0
4329
-2930
-17
13
4470
-2696
-16
-5
4614
-2459
-20
5
4743
-2223
-21
-10
4842
-1957
-17
-2
4919
-1699
-24
-1
5014
-1440
-28
-12
5081
-1188
-14
-7
5130
-904
-13
-12
5147
-633
-15
-23
5181
-350
-16
-7
5201
-88
-17
-24
5185
196
-5
-9
5174
462
-10
-23
5129
724
-9
-16
5081
1006
-26
-28
5024
1279
-3
-29
4963
1540
-2
-18
4848
1799
-11
-21
4746
2058
-5
-22
4638
2305
-13
-22
4495
2539
-5
-7
4348
2785
-19
-32
4203
3012
4
-27
4027
3232
-19
-19
3868
3437
-6
-20
3676
3642
-6
-19
3464
3812
-4
-11
3272
3991
-11
-16
3058
4186
-1
-12
2823
4342
-3
-23
2587
4485
-2
-17
2358
4624
-1
-24
2100
4730
-12
-23
1843
4839
-7
-18
1616
4931
4
-16
1332
5022
-8
-18
1077
5095
4
-36
797
5137
14
-3
535
5166
-6
-12
249
5197
19
-20
-25
5212
18
-2
-299
5189
0
-5
-564
5202
10
-10
-846
5146
16
-12
-1091
5087
16
-8
-1371
5048
21
-21
-1626
4964
5
-3
-1879
4863
21
-14
-2146
4767
1
-15
-2387
4651
17
-9
-2643
4526
12
2
-2855
4398
15
-2
-3073
4233
9
-18
-3284
4076
-5
-14
-3494
3906
12
-15
-3704
3728
16
-3
-3881
3523
24
0
-4043
3306
19
3
-4211
3088
15
0
-4367
2877
12
-20
-4508
2650
18
3
-4634
2409
16
-10
-4748
2169
19
-12
-4863
1911
16
-5
-4954
1662
27
6
-5022
1404
21
-3
-5071
1152
8
2
-5133
878
26
19
-5160
588
18
12
-5207
332
9
10
-5200
68
9
8
-5204
-196
3
-15
-5178
-468
10
15
-5144
-744
5
6
-5096
-1000
11
-2
-5032
-1281
3
8
-4963
-1534
26
6
-4862
-1790
8
8
-4784
-2052
18
6
-4655
-2292
15
21
-4520
-2549
1
2
-4394
-2764
-7
9
-4232
-2999
-8
18
-4075
-3211
-11
17
-3897
-3423
10
16
-3715
-3621
3
14
-3513
-3819
6
14
-3303
-3991
7
13
-3093
-4156
-2
14
-2874
-4313
13
13
-2636
-4467
-5
11
-2406
-4591
-16
3
-2177
-4719
-4
11
-1918
-4833
1
20
-1673
-4931
-1
24
-1422
-5009
-12
17
-1155
-5081
-7
7
-874
-5119
-10
11
-616
-5177
-11
18
-349
-5198
-13
17
-67
-5214
-14
9
189
-5210
0
14
458
-5207
-21
12
718
-5171
-22
12
987
-5127
-13
3
1247
-5083
-8
12
1504
-5003
-12
11
1744
-4915
-8
13
2011
-4827
-20
15
2259
-4716
-29
6
2493
-4596
-20
-10
2732
-4463
-19
6
2969
-4308
-33
7
3177
-4158
-3
0
3387
-3999
-10
6
3589
-3803
-17
13
3774
-3622
-19
-6
3947
-3426
-10
8
4119
-3217
-10
-4
4282
-2995
-17
-3
4421
-2775
-15
2
4557
-2550
-13
10
4680
-2316
-8
-2
4790
-2071
-28
-14
4893
-1813
-14
-4
4967
-1575
-24
-10
5054
-1297
-10
-6
5098
-1033
-6
-3
5141
-785
-21
5
5180
-513
-24
4
5193
-241
-14
-17
5195
24
-15
-7
5181
293
-11
-2
5163
554
-17
-5
5125
821
-10
-17
5064
1079
-11
-28
5012
1348
-19
-10
4932
1619
-11
-4
4849
1860
-7
-10
4721
2121
-23
-22
4611
2347
-3
-3
4485
2584
-4
-18
4339
2815
-17
-22
4184
3024
-7
-22
4035
3250
-15
-24
3847
3448
9
-15
3668
3652
0
-21
3461
3850
-13
-16
3263
4012
-4
-31
3040
4179
-1
-13
2838
4333
-4
-33
2608
4481
4
-20
2370
4604
0
-12
2131
4710
3
-22
1882
4830
4
-22
1637
4923
-15
-12
1378
4997
8
-18
1117
5091
-1
-23
874
5126
-11
-14
579
5165
3
-17
333
5191
8
-8
65
5197
-4
-24
-200
5211
18
-27
-454
5188
7
-27
-744
5177
12
-6
-977
5116
5
-12
-1259
5058
2
-14
-1501
5017
17
-14
-1756
4904
24
-14
-2012
4818
14
-18
-2264
4717
17
-16
-2491
4596
9
0
-2706
4467
23
-5
-2947
4316
11
-2
-3155
4169
19
-18
-3354
4011
8
-12
-3561
3826
3
-15
-3744
3658
16
-17
-3932
3457
17
-7
-4104
3249
9
-10
-4270
3035
16
-6
-4416
2815
21
-1
-4533
2580
19
-4
-4675
2365
25
4
-4769
2116
24
3
-4879
1873
15
-2
-4972
1627
23
-2
-5030
1355
20
-5
-5090
1114
6
4
-5140
841
18
8
-5173
572
26
15
-5187
324
6
16
-5205
50
19
-4
-5190
-211
4
2
-5162
-461
2
13
-5153
-735
16
8
-5086
-992
0
11
-5045
-1249
5
17
-4957
-1509
7
11
-4886
-1753
10
12
-4775
-2010
17
4
-4665
-2242
10
11
-4556
-2497
8
7
-4418
-2708
-3
12
-4277
-2923
4
18
-4130
-3144
12
5
-3956
-3343
8
19
-3792
-3545
19
14
-3590
-3738
11
21
-3404
-3914
12
16
-3200
-4084
9
16
-2986
-4241
12
7
-2772
-4397
-5
-2
-2564
-4527
1
14
-2302
-4665
2
14
-2079
-4768
-5
19
-1827
-4865
3
17
-1577
-4959
1
8
-1335
-5040
-6
19
-1074
-5097
-1
3
-793
-5127
-7
18
-539
-5187
-18
16
-301
-5206
-14
14
-32
-5210
-13
25
222
-5212
-6
20
492
-5203
-19
13
753
-5166
-9
21
1026
-5120
-7
16
1280
-5081
-15
25
1518
-4994
-8
-3
1765
-4927
-10
3
2031
-4817
-16
18
2260
-4723
0
10
2495
-4600
-6
10
2724
-4465
-11
0
2935
-4326
-11
24
3137
-4192
-8
9
3355
-4017
-12
-3
3554
-3843
-19
14
3740
-3662
-15
5
3924
-3466
-14
6
4070
-3273
-22
-6
4219
-3058
-23
-8
4377
-2843
-16
-6
4510
-2627
-23
1
4659
-2387
-13
-4
4751
-2158
-17
2
4847
-1914
-41
-3
4937
-1650
-21
-12
5009
-1413
-11
5
5069
-1166
-25
0
5112
-900
-19
-3
5163
-637
-25
-6
5166
-371
-10
4
5195
-124
-11
-9
5193
135
-28
-12
5189
396
-10
-16
5138
662
-23
-7
5085
923
-8
-13
5036
1201
-19
-21
4979
1451
-9
-18
4891
1685
0
-17
4799
1942
1
-8
4703
2167
-18
-19
4577
2416
-4
-5
4457
2642
-14
-8
4309
2858
0
-24
4170
3084
-4
-24
3998
3290
-20
-18
3821
3482
-4
-25
3638
3669
-1
-15
3439
3841
2
-15
3262
4022
0
-12
3047
4167
8
-25
2840
4322
-13
-16
2622
4471
5
-15
2386
4583
-1
-9
2147
4697
-5
-20
1922
4808
13
-13
1663
4907
-2
-17
1417
4992
17
-9
1170
5061
-4
-11
914
5126
4
-16
669
5153
9
-15
389
5192
0
-27
138
5201
7
-13
-111
5207
3
-24
-379
5184
10
-15
-634
5168
2
-13
-895
5140
5
-6
-1165
5091
6
-20
-1403
5020
2
-12
-1655
4951
15
-10
-1911
4866
18
-14
-2137
4771
12
-10
-2377
4652
18
-9
-2604
4533
13
-9
-2816
4406
0
6
-3047
4267
17
-19
-3239
4100
25
-5
-3446
3936
11
3
-3629
3770
16
-9
-3806
3583
16
1
-3972
3402
13
-7
-4128
3197
16
-13
-4302
2975
17
-10
-4449
2763
25
0
-4554
2532
20
-3
-4693
2315
24
-5
-4793
2070
15
-11
-4885
1822
15
2
-4969
1593
13
-3
-5033
1344
18
3
-5071
1089
28
4
-5145
833
3
9
-5166
589
17
-2
-5201
316
10
-10
-5208
63
4
3
-5189
-197
24
8
-5178
-471
11
6
-5138
-714
17
7
-5106
-964
7
2
-5043
-1227
13
8
-4968
-1482
5
11
-4899
-1719
21
7
-4811
-1946
5
9
-4687
-2188
9
10
-4582
-2425
5
7
-4440
-2660
7
4
-4322
-2866
6
17
-4158
-3083
4
18
-4007
-3284
0
14
-3830
-3470
-10
15
-3670
-3666
7
17
-3477
-3842
6
8
-3278
-4011
-4
17
-3070
-4167
-6
12
-2858
-4322
7
12
-2647
-4464
2
9
-2413
-4602
-9
10
-2193
-4716
3
14
-1944
-4819
-7
25
-1714
-4906
8
11
-1474
-4985
0
21
-1229
-5058
-8
6
-979
-5116
-6
13
-718
-5156
3
10
-461
-5184
-2
18
-206
-5207
-7
22
57
-5231
-14
8
303
-5200
4
10
554
-5183
-13
15
822
-5152
-17
11
1064
-5113
-11
11
1308
-5061
-7
15
1555
-4992
-21
2
1809
-4915
-5
12
2049
-4808
-16
7
2280
-4717
-18
15
2499
-4590
-23
3
2728
-4469
-10
4
2935
-4320
-8
11
3140
-4178
-15
-5
3339
-4022
-11
3
3517
-3875
-12
10
3718
-3684
-3
6
3874
-3490
-14
-2
4045
-3292
-14
8
4214
-3100
-7
8
4351
-2876
-34
-9
4484
-2666
-11
7
4606
-2440
-9
6
4739
-2209
-18
8
4817
-1979
-18
5
4912
-1736
-4
-3
4980
-1511
-29
-2
5042
-1255
-30
10
5105
-984
-15
-2
5148
-749
-6
-7
5175
-492
-21
-8
5184
-246
-9
-3
5191
22
-16
-10
5182
281
-14
-21
5166
521
-17
-13
5107
788
-11
-3
5078
1031
-20
-18
5030
1289
-4
7
4935
1533
-19
-8
4849
1775
-10
-6
4754
2015
-17
-18
4659
2252
-17
-15
4541
2473
-11
-8
4414
2693
-18
-18
4285
2908
-12
-14
4137
3108
-9
-23
3974
3316
-16
-10
3796
3496
-5
-14
3616
3700
-6
-15
3429
3871
-7
-12
3231
4031
-20
-13
3042
4188
6
-29
2818
4341
-7
-22
2599
4473
-10
-24
2396
4594
-4
-20
2154
4718
-2
-16
1916
4807
-22
-17
1676
4899
7
-27
1435
4993
4
-27
1198
5043
1
-10
935
5108
-3
-23
708
5151
6
-22
444
5178
-8
-11
182
5201
3
-15
-59
5209
20
-13
-298
5191
5
-17
-571
5169
4
-1
-817
5145
-6
-24
-1057
5104
7
-17
-1314
5043
14
-7
-1573
4984
6
-25
-1803
4895
20
-9
-2037
4805
21
-10
-2265
4699
25
-2
-2488
4590
8
-9
-2712
4477
13
-18
-2919
4355
-1
-4
-3111
4180
12
-17
-3331
4036
15
-19
-3531
3867
12
-3
-3702
3688
22
-2
-3875
3512
11
6
-4029
3317
7
-5
-4190
3118
15
-13
-4333
2918
6
2
-4470
2703
6
-3
-4592
2480
11
7
-4700
2253
3
-8
-4808
2030
27
-2
-4895
1790
12
-3
-4961
1551
18
-5
-5042
1301
11
6
-5098
1077
12
-11
-5147
816
12
-7
-5180
571
13
-3
-5191
305
19
23
-5188
66
5
9
-5197
-180
8
-3
-5167
-425
18
15
-5146
-696
7
20
-5127
-942
9
9
-5046
-1192
18
-4
-4988
-1433
5
4
-4928
-1673
10
13
-4824
-1918
0
12
-4713
-2148
4
4
